1750857280148 0.0 49
1750857281810 0.0 99
1750857282485 0.0 112
1750857282567 0.0 112
1750857283815 1.0 149
1750857285745 1.0 199
1750857286850 1.0 225
1750857286908 1.0 225
1750857287815 2.0 249
1750857289618 2.0 299
1750857291291 2.0 338
1750857291311 2.0 338
1750857291717 3.0 349
1750857293948 3.0 399
1750857295742 3.0 449
1750857295916 3.0 451
1750857295939 3.0 451
1750857297637 4.0 499
1750857299571 4.0 549
1750857300309 4.0 564
1750857300332 4.0 564
1750857301715 5.0 599
1750857303702 5.0 649
1750857305527 5.0 677
1750857305550 5.0 677
1750857306487 6.0 699
1750857308431 6.0 749
1750857310131 6.0 790
1750857310151 6.0 790
1750857310499 7.0 799
1750857312416 7.0 849
1750857314379 7.0 899
1750857314640 7.0 903
1750857314660 7.0 903
1750857316559 8.0 949
1750857318582 8.0 999
1750857319349 8.0 1016
1750857319372 8.0 1016
1750857320756 9.0 1049
1750857322811 9.0 1099
1750857324223 9.0 1129
1750857324243 9.0 1129
1750857325119 10.0 1149
1750857327209 10.0 1199
1750857329274 10.0 1242
1750857329299 10.0 1242
1750857329607 11.0 1249
1750857331607 11.0 1299
1750857333859 11.0 1349
1750857334194 11.0 1355
1750857334214 11.0 1355
1750857336110 12.0 1399
1750857338439 12.0 1449
1750857339417 12.0 1468
1750857339441 12.0 1468
1750857340783 13.0 1499
1750857343523 13.0 1549
1750857345317 13.0 1581
1750857345349 13.0 1581
1750857346313 14.0 1599
1750857348706 14.0 1649
1750857350957 14.0 1694
1750857350984 14.0 1694
1750857352782 15.0 1695
