1750857280148 0.6247954368591309 49
1750857281810 0.627791166305542 99
1750857283815 0.545638918876648 149
1750857285745 0.546480655670166 199
1750857287815 0.5623890161514282 249
1750857289618 0.47532349824905396 299
1750857291717 0.35427191853523254 349
1750857293948 0.4766634702682495 399
1750857295742 0.5816957950592041 449
1750857297637 0.5461612939834595 499
1750857299571 0.4159679412841797 549
1750857301715 0.4507688581943512 599
1750857303702 0.47756457328796387 649
1750857306487 0.4182644486427307 699
1750857308431 0.46909457445144653 749
1750857310499 0.3044878840446472 799
1750857312416 0.4364885687828064 849
1750857314379 0.48428553342819214 899
1750857316559 0.3957377076148987 949
1750857318582 0.41127800941467285 999
1750857320756 0.36596596240997314 1049
1750857322811 0.3774881362915039 1099
1750857325119 0.3350693881511688 1149
1750857327209 0.39485615491867065 1199
1750857329607 0.43206411600112915 1249
1750857331607 0.33011680841445923 1299
1750857333859 0.4988260865211487 1349
1750857336110 0.4036668837070465 1399
1750857338439 0.39902234077453613 1449
1750857340783 0.4553956985473633 1499
1750857343523 0.4857301712036133 1549
1750857346313 0.3806109130382538 1599
1750857348706 0.40412437915802 1649
