1750857282567 0.4449176788330078 112
1750857286908 0.5546329617500305 225
1750857291311 0.6869486570358276 338
1750857295939 0.7402154803276062 451
1750857300332 0.7623688578605652 564
1750857305550 0.7689352035522461 677
1750857310151 0.777561366558075 790
1750857314660 0.7847262024879456 903
1750857319372 0.7906238436698914 1016
1750857324243 0.7991400361061096 1129
1750857329299 0.8019325137138367 1242
1750857334214 0.8128535747528076 1355
1750857339441 0.8171656727790833 1468
1750857345349 0.821976363658905 1581
1750857350984 0.8253413438796997 1694
