1750857282567 0.0 112
1750857286908 0.0 225
1750857291311 0.0 338
1750857295939 0.0 451
1750857300332 0.0006837607361376286 564
1750857305550 0.052892643958330154 677
1750857310151 0.13947448134422302 790
1750857314660 0.20294632017612457 903
1750857319372 0.25670015811920166 1016
1750857324243 0.28492820262908936 1129
1750857329299 0.3014451861381531 1242
1750857334214 0.32749423384666443 1355
1750857339441 0.34632188081741333 1468
1750857345349 0.3538244068622589 1581
1750857350984 0.3679020404815674 1694
