1750857280148 2.1802711878986197e-22 49
1750857281810 1.7226718680422158e-19 99
1750857283815 2.234419975297641e-18 149
1750857285745 9.591748155148494e-18 199
1750857287815 2.802596928649634e-45 249
1750857289618 3.2973387664859304e-31 299
1750857291717 0.48014068603515625 349
1750857293948 0.0 399
1750857295742 0.0 449
1750857297637 7.006492321624085e-45 499
1750857299571 3.3941435107283893e-35 549
1750857301715 3.587324068671532e-43 599
1750857303702 1.0 649
1750857306487 1.0 699
1750857308431 0.75 749
1750857310499 1.0 799
1750857312416 0.5 849
1750857314379 0.75 899
1750857316559 1.0 949
1750857318582 1.0 999
1750857320756 0.7142857313156128 1049
1750857322811 0.8571428656578064 1099
1750857325119 0.8571428656578064 1149
1750857327209 0.5 1199
1750857329607 0.4000000059604645 1249
1750857331607 0.75 1299
1750857333859 0.6000000238418579 1349
1750857336110 0.5833333134651184 1399
1750857338439 0.20000000298023224 1449
1750857340783 0.5 1499
1750857343523 0.8333333134651184 1549
1750857346313 0.8571428656578064 1599
1750857348706 0.8571428656578064 1649
