1750857280148 0.0 49
1750857281810 0.0 99
1750857283815 0.0 149
1750857285745 0.0 199
1750857287815 0.0 249
1750857289618 0.0 299
1750857291717 0.0 349
1750857293948 0.0 399
1750857295742 0.0 449
1750857297637 0.0 499
1750857299571 0.0 549
1750857301715 0.0 599
1750857303702 0.23529411852359772 649
1750857306487 0.1428571492433548 699
1750857308431 0.30000001192092896 749
1750857310499 0.25 799
1750857312416 0.13333334028720856 849
1750857314379 0.31578946113586426 899
1750857316559 0.5 949
1750857318582 0.375 999
1750857320756 0.5 1049
1750857322811 0.5714285969734192 1099
1750857325119 0.6000000238418579 1149
1750857327209 0.25 1199
1750857329607 0.2222222238779068 1249
1750857331607 0.4615384638309479 1299
1750857333859 0.30000001192092896 1349
1750857336110 0.5185185074806213 1399
1750857338439 0.1111111119389534 1449
1750857340783 0.3529411852359772 1499
1750857343523 0.5714285969734192 1549
1750857346313 0.5714285969734192 1599
1750857348706 0.52173912525177 1649
