1750857282567 0.5932701230049133 112
1750857286908 0.5315201282501221 225
1750857291311 0.48172977566719055 338
1750857295939 0.45772314071655273 451
1750857300332 0.4427158832550049 564
1750857305550 0.431900292634964 677
1750857310151 0.42391255497932434 790
1750857314660 0.4174846112728119 903
1750857319372 0.41165971755981445 1016
1750857324243 0.4061705470085144 1129
1750857329299 0.4005936086177826 1242
1750857334214 0.3951450288295746 1355
1750857339441 0.3895363509654999 1468
1750857345349 0.38377031683921814 1581
1750857350984 0.37847182154655457 1694
