1750857280148 0.0 49
1750857281810 0.0 99
1750857283815 0.0 149
1750857285745 0.0 199
1750857287815 0.0 249
1750857289618 0.0 299
1750857291717 0.0 349
1750857293948 0.0 399
1750857295742 0.0 449
1750857297637 0.0 499
1750857299571 0.0 549
1750857301715 0.0 599
1750857303702 0.13333334028720856 649
1750857306487 0.07692307978868484 699
1750857308431 0.1875 749
1750857310499 0.1428571492433548 799
1750857312416 0.07692307978868484 849
1750857314379 0.20000000298023224 899
1750857316559 0.3333333432674408 949
1750857318582 0.23076923191547394 999
1750857320756 0.38461539149284363 1049
1750857322811 0.4285714328289032 1099
1750857325119 0.4615384638309479 1149
1750857327209 0.1666666716337204 1199
1750857329607 0.1538461595773697 1249
1750857331607 0.3333333432674408 1299
1750857333859 0.20000000298023224 1349
1750857336110 0.46666666865348816 1399
1750857338439 0.07692307978868484 1449
1750857340783 0.27272728085517883 1499
1750857343523 0.43478259444236755 1549
1750857346313 0.4285714328289032 1599
1750857348706 0.375 1649
