1750857282567 0.7962499856948853 112
1750857286908 0.7962499856948853 225
1750857291311 0.7962499856948853 338
1750857295939 0.7962499856948853 451
1750857300332 0.7962499856948853 564
1750857305550 0.8038889169692993 677
1750857310151 0.816944420337677 790
1750857314660 0.8211110830307007 903
1750857319372 0.8248611092567444 1016
1750857324243 0.8290277719497681 1129
1750857329299 0.8326388597488403 1242
1750857334214 0.835277795791626 1355
1750857339441 0.8388888835906982 1468
1750857345349 0.8415277600288391 1581
1750857350984 0.8440277576446533 1694
