1750857280148 0.37922403216362 49
1750857281810 0.469318151473999 99
1750857283815 0.6680272221565247 149
1750857285745 0.6458333730697632 199
1750857287815 0.6708385944366455 249
1750857289618 0.686274528503418 299
1750857291717 0.7678571939468384 349
1750857293948 0.8231292963027954 399
1750857295742 0.6437197923660278 449
1750857297637 0.5877550840377808 499
1750857299571 0.7032589912414551 549
1750857301715 0.8285714387893677 599
1750857303702 0.7401360273361206 649
1750857306487 0.7873302698135376 699
1750857308431 0.8020833134651184 749
1750857310499 0.7844611406326294 799
1750857312416 0.7526395320892334 849
1750857314379 0.7319728136062622 899
1750857316559 0.8761904239654541 949
1750857318582 0.7903468608856201 999
1750857320756 0.8883861303329468 1049
1750857322811 0.8500000238418579 1099
1750857325119 0.8823529481887817 1149
1750857327209 0.7820512652397156 1199
1750857329607 0.772247314453125 1249
1750857331607 0.7898989915847778 1299
1750857333859 0.7210884094238281 1349
1750857336110 0.8421769142150879 1399
1750857338439 0.8401206731796265 1449
1750857340783 0.6603773832321167 1499
1750857343523 0.8472958207130432 1549
1750857346313 0.8385714292526245 1599
1750857348706 0.8333333134651184 1649
