1750857282567 0.0 112
1750857286908 0.0 225
1750857291311 0.0 338
1750857295939 0.0 451
1750857300332 0.0012698413338512182 564
1750857305550 0.09055188298225403 677
1750857310151 0.22250591218471527 790
1750857314660 0.3021349012851715 903
1750857319372 0.3613889813423157 1016
1750857324243 0.38786980509757996 1129
1750857329299 0.41000866889953613 1242
1750857334214 0.43310144543647766 1355
1750857339441 0.4563981592655182 1468
1750857345349 0.4644209146499634 1581
1750857350984 0.47599366307258606 1694
