1750857280148 0.734375 49
1750857281810 0.6875 99
1750857283815 0.765625 149
1750857285745 0.75 199
1750857287815 0.734375 249
1750857289618 0.796875 299
1750857291717 0.875 349
1750857293948 0.765625 399
1750857295742 0.71875 449
1750857297637 0.765625 499
1750857299571 0.828125 549
1750857301715 0.765625 599
1750857303702 0.796875 649
1750857306487 0.8125 699
1750857308431 0.78125 749
1750857310499 0.90625 799
1750857312416 0.796875 849
1750857314379 0.796875 899
1750857316559 0.84375 949
1750857318582 0.84375 999
1750857320756 0.84375 1049
1750857322811 0.859375 1099
1750857325119 0.875 1149
1750857327209 0.8125 1199
1750857329607 0.78125 1249
1750857331607 0.890625 1299
1750857333859 0.78125 1349
1750857336110 0.796875 1399
1750857338439 0.75 1449
1750857340783 0.828125 1499
1750857343523 0.765625 1549
1750857346313 0.859375 1599
1750857348706 0.828125 1649
