1750858275025 0.0 49
1750858276696 0.0 99
1750858277232 0.0 112
1750858277256 0.0 112
1750858278541 1.0 149
1750858280458 1.0 199
1750858281489 1.0 225
1750858281520 1.0 225
1750858282352 2.0 249
1750858284109 2.0 299
1750858285626 2.0 338
1750858285652 2.0 338
1750858286101 3.0 349
1750858288003 3.0 399
1750858289886 3.0 449
1750858290076 3.0 451
1750858290100 3.0 451
1750858291909 4.0 499
1750858293716 4.0 549
1750858294380 4.0 564
1750858294405 4.0 564
1750858295935 5.0 599
1750858297897 5.0 649
1750858299098 5.0 677
1750858299131 5.0 677
1750858300055 6.0 699
1750858302513 6.0 749
1750858304394 6.0 790
1750858304420 6.0 790
1750858304832 7.0 799
1750858307090 7.0 849
1750858309150 7.0 899
1750858309420 7.0 903
1750858309441 7.0 903
1750858311364 8.0 949
1750858313632 8.0 999
1750858314481 8.0 1016
1750858314502 8.0 1016
1750858315951 9.0 1049
1750858318144 9.0 1099
1750858319782 9.0 1129
1750858319808 9.0 1129
1750858320805 10.0 1149
1750858323162 10.0 1199
1750858325349 10.0 1242
1750858325373 10.0 1242
1750858325711 11.0 1249
1750858328119 11.0 1299
1750858330656 11.0 1349
1750858331057 11.0 1355
1750858331084 11.0 1355
1750858333261 12.0 1399
1750858335633 12.0 1449
1750858336696 12.0 1468
1750858336717 12.0 1468
1750858338309 13.0 1499
1750858341053 13.0 1549
1750858342792 13.0 1581
1750858342815 13.0 1581
1750858343713 14.0 1599
1750858346513 14.0 1649
1750858348911 14.0 1694
1750858348937 14.0 1694
1750858350447 15.0 1695
