1750858275025 0.375643253326416 49
1750858276696 0.46497586369514465 99
1750858278541 0.4107142984867096 149
1750858280458 0.7134238481521606 199
1750858282352 0.6303030252456665 249
1750858284109 0.8644940853118896 299
1750858286101 0.7272726893424988 349
1750858288003 0.8161616325378418 399
1750858289886 0.6744791269302368 449
1750858291909 0.7028571367263794 499
1750858293716 0.8625850677490234 549
1750858295935 0.6929292678833008 599
1750858297897 0.6787329912185669 649
1750858300055 0.7650086283683777 699
1750858302513 0.8414285182952881 749
1750858304832 0.7314285635948181 799
1750858307090 0.7580128312110901 849
1750858309150 0.7619048357009888 899
1750858311364 0.7873303294181824 949
1750858313632 0.8092948794364929 999
1750858315951 0.7185714244842529 1049
1750858318144 0.7292516827583313 1099
1750858320805 0.8919271230697632 1149
1750858323162 0.8240740895271301 1199
1750858325711 0.7734375 1249
1750858328119 0.7962962985038757 1299
1750858330656 0.8099547624588013 1349
1750858333261 0.8159879446029663 1399
1750858335633 0.8069381713867188 1449
1750858338309 0.7660256028175354 1499
1750858341053 0.9155354499816895 1549
1750858343713 0.7575757503509521 1599
1750858346513 0.7941681146621704 1649
