1750858275025 0.6454116106033325 49
1750858276696 0.630470871925354 99
1750858278541 0.5179414749145508 149
1750858280458 0.5112677216529846 199
1750858282352 0.4380428194999695 249
1750858284109 0.4169059991836548 299
1750858286101 0.4240680932998657 349
1750858288003 0.3720165491104126 399
1750858289886 0.5398027896881104 449
1750858291909 0.4899674654006958 499
1750858293716 0.44893044233322144 549
1750858295935 0.3870689272880554 599
1750858297897 0.46748584508895874 649
1750858300055 0.39570343494415283 699
1750858302513 0.4207026958465576 749
1750858304832 0.4870181381702423 799
1750858307090 0.4212988615036011 849
1750858309150 0.47051283717155457 899
1750858311364 0.42525437474250793 949
1750858313632 0.3819662928581238 999
1750858315951 0.4773367643356323 1049
1750858318144 0.482190877199173 1099
1750858320805 0.4101431965827942 1149
1750858323162 0.3451749086380005 1199
1750858325711 0.46700146794319153 1249
1750858328119 0.3571401834487915 1299
1750858330656 0.38886258006095886 1349
1750858333261 0.40727555751800537 1399
1750858335633 0.4095489978790283 1449
1750858338309 0.4101802706718445 1499
1750858341053 0.3159038722515106 1549
1750858343713 0.3512996435165405 1599
1750858346513 0.3707438111305237 1649
