1750858277256 0.6412129998207092 112
1750858281520 0.5445210933685303 225
1750858285652 0.4875167906284332 338
1750858290100 0.46676626801490784 451
1750858294405 0.4566543996334076 564
1750858299131 0.44965872168540955 677
1750858304420 0.4437870681285858 790
1750858309441 0.43857231736183167 903
1750858314502 0.4335824251174927 1016
1750858319808 0.42883172631263733 1129
1750858325373 0.42405545711517334 1242
1750858331084 0.41912180185317993 1355
1750858336717 0.4139336943626404 1468
1750858342815 0.4086763560771942 1581
1750858348937 0.4033236801624298 1694
