1750858275025 0.828125 49
1750858276696 0.71875 99
1750858278541 0.875 149
1750858280458 0.796875 199
1750858282352 0.859375 249
1750858284109 0.828125 299
1750858286101 0.828125 349
1750858288003 0.859375 399
1750858289886 0.75 449
1750858291909 0.78125 499
1750858293716 0.765625 549
1750858295935 0.859375 599
1750858297897 0.796875 649
1750858300055 0.828125 699
1750858302513 0.78125 749
1750858304832 0.765625 799
1750858307090 0.8125 849
1750858309150 0.78125 899
1750858311364 0.78125 949
1750858313632 0.84375 999
1750858315951 0.78125 1049
1750858318144 0.765625 1099
1750858320805 0.78125 1149
1750858323162 0.875 1199
1750858325711 0.8125 1249
1750858328119 0.875 1299
1750858330656 0.84375 1349
1750858333261 0.828125 1399
1750858335633 0.8125 1449
1750858338309 0.84375 1499
1750858341053 0.859375 1549
1750858343713 0.875 1599
1750858346513 0.875 1649
