1750858277256 0.4219589829444885 112
1750858281520 0.5449771285057068 225
1750858285652 0.6803343296051025 338
1750858290100 0.7164633274078369 451
1750858294405 0.7326226234436035 564
1750858299131 0.7421513795852661 677
1750858304420 0.749426007270813 790
1750858309441 0.7609577178955078 903
1750858314502 0.7672070264816284 1016
1750858319808 0.7693023681640625 1129
1750858325373 0.7754384875297546 1242
1750858331084 0.7845883965492249 1355
1750858336717 0.7893250584602356 1468
1750858342815 0.7922561764717102 1581
1750858348937 0.8006341457366943 1694
