1750858275025 0.0 49
1750858276696 0.0 99
1750858278541 0.0 149
1750858280458 0.0 199
1750858282352 0.0 249
1750858284109 0.0 299
1750858286101 0.0 349
1750858288003 0.0 399
1750858289886 0.0 449
1750858291909 0.0 499
1750858293716 0.0 549
1750858295935 0.0 599
1750858297897 0.0 649
1750858300055 0.0 699
1750858302513 0.0 749
1750858304832 0.0 799
1750858307090 0.0 849
1750858309150 0.125 899
1750858311364 0.0 949
1750858313632 0.2857142984867096 999
1750858315951 0.2222222238779068 1049
1750858318144 0.0 1099
1750858320805 0.2222222238779068 1149
1750858323162 0.3333333432674408 1199
1750858325711 0.4000000059604645 1249
1750858328119 0.3333333432674408 1299
1750858330656 0.4444444477558136 1349
1750858333261 0.2666666805744171 1399
1750858335633 0.25 1449
1750858338309 0.375 1499
1750858341053 0.47058823704719543 1549
1750858343713 0.3333333432674408 1599
1750858346513 0.5 1649
