1750858275025 0.0 49
1750858276696 0.0 99
1750858278541 0.0 149
1750858280458 -1.6608992606676745e-17 199
1750858282352 -5.5032001633655014e-15 249
1750858284109 0.0 299
1750858286101 0.0 349
1750858288003 6.866362475191604e-44 399
1750858289886 -1.6213222020955249e+37 449
1750858291909 6.866362475191604e-44 499
1750858293716 0.0 549
1750858295935 -1.2447820552097255e-12 599
1750858297897 1.401298464324817e-45 649
1750858300055 -2.039534763298434e-09 699
1750858302513 3.325176775029291e-36 749
1750858304832 0.0 799
1750858307090 0.0 849
1750858309150 1.0 899
1750858311364 0.0 949
1750858313632 1.0 999
1750858315951 0.5 1049
1750858318144 0.0 1099
1750858320805 1.0 1149
1750858323162 1.0 1199
1750858325711 1.0 1249
1750858328119 1.0 1299
1750858330656 0.800000011920929 1349
1750858333261 1.0 1399
1750858335633 0.6666666865348816 1449
1750858338309 0.75 1499
1750858341053 1.0 1549
1750858343713 0.6666666865348816 1599
1750858346513 0.800000011920929 1649
