1750858277256 0.7609722018241882 112
1750858281520 0.7962499856948853 225
1750858285652 0.7962499856948853 338
1750858290100 0.7962499856948853 451
1750858294405 0.7962499856948853 564
1750858299131 0.7962499856948853 677
1750858304420 0.7965278029441833 790
1750858309441 0.7997221946716309 903
1750858314502 0.8065277934074402 1016
1750858319808 0.8102777600288391 1129
1750858325373 0.8149999976158142 1242
1750858331084 0.8181944489479065 1355
1750858336717 0.820972204208374 1468
1750858342815 0.8241666555404663 1581
1750858348937 0.8302778005599976 1694
