1750858508104 0.0 49
1750858508458 0.0 56
1750858508482 0.0 56
1750858510552 1.0 99
1750858511315 1.0 113
1750858511336 1.0 113
1750858513756 2.0 149
1750858514730 2.0 170
1750858514753 2.0 170
1750858515875 3.0 199
1750858517097 3.0 227
1750858517115 3.0 227
1750858518022 4.0 249
1750858519521 4.0 284
1750858519554 4.0 284
1750858520330 5.0 299
1750858522073 5.0 341
1750858522096 5.0 341
1750858522384 6.0 349
1750858524361 6.0 398
1750858524380 6.0 398
1750858524423 7.0 399
1750858526425 7.0 449
1750858526722 7.0 455
1750858526749 7.0 455
1750858528403 8.0 499
1750858528961 8.0 512
1750858528982 8.0 512
1750858530421 9.0 549
1750858531259 9.0 569
1750858531278 9.0 569
1750858532423 10.0 599
1750858533516 10.0 626
1750858533534 10.0 626
1750858534412 11.0 649
1750858535807 11.0 683
1750858535827 11.0 683
1750858536568 12.0 699
1750858538277 12.0 740
1750858538299 12.0 740
1750858538657 13.0 749
1750858540614 13.0 797
1750858540637 13.0 797
1750858540728 14.0 799
1750858542769 14.0 849
1750858543038 14.0 854
1750858543088 14.0 854
1750858545067 15.0 899
1750858545697 15.0 911
1750858545720 15.0 911
1750858546606 16.0 912
