1750858508482 0.4446495473384857 56
1750858511336 0.36999747157096863 113
1750858514753 0.35639286041259766 170
1750858517115 0.3460552394390106 227
1750858519554 0.3402031660079956 284
1750858522096 0.3416922986507416 341
1750858524380 0.33398810029029846 398
1750858526749 0.3337980806827545 455
1750858528982 0.3317639231681824 512
1750858531278 0.32725638151168823 569
1750858533534 0.32674211263656616 626
1750858535827 0.32462117075920105 683
1750858538299 0.3221367597579956 740
1750858540637 0.3192647397518158 797
1750858543088 0.315168559551239 854
1750858545720 0.3150627315044403 911
