1750858508104 0.8571428656578064 49
1750858510552 0.7142857313156128 99
1750858513756 1.0 149
1750858515875 0.6818181872367859 199
1750858518022 0.9166666865348816 249
1750858520330 0.5625 299
1750858522384 0.7692307829856873 349
1750858524423 0.6428571343421936 399
1750858526425 0.7333333492279053 449
1750858528403 0.6875 499
1750858530421 0.7333333492279053 549
1750858532423 0.5333333611488342 599
1750858534412 0.8125 649
1750858536568 0.5833333134651184 699
1750858538657 0.800000011920929 749
1750858540728 0.7333333492279053 799
1750858542769 0.8421052694320679 849
1750858545067 0.6363636255264282 899
