1750858508482 0.23375484347343445 56
1750858511336 0.5415117144584656 113
1750858514753 0.5480628609657288 170
1750858517115 0.5547887086868286 227
1750858519554 0.5696685314178467 284
1750858522096 0.5648252367973328 341
1750858524380 0.5737442970275879 398
1750858526749 0.5732007026672363 455
1750858528982 0.5830504298210144 512
1750858531278 0.581048846244812 569
1750858533534 0.5825905799865723 626
1750858535827 0.586865246295929 683
1750858538299 0.6026394963264465 740
1750858540637 0.5974341630935669 797
1750858543088 0.6080372929573059 854
1750858545720 0.6165106296539307 911
