1750858508104 0.7551020383834839 49
1750858510552 0.876201868057251 99
1750858513756 0.8910973072052002 149
1750858515875 0.8350340127944946 199
1750858518022 0.9151583909988403 249
1750858520330 0.7835595607757568 299
1750858522384 0.8973085284233093 349
1750858524423 0.8424999713897705 399
1750858526425 0.8435544371604919 449
1750858528403 0.8716537952423096 499
1750858530421 0.8774327039718628 549
1750858532423 0.8368686437606812 599
1750858534412 0.881428599357605 649
1750858536568 0.8345352411270142 699
1750858538657 0.8493589758872986 749
1750858540728 0.8613861799240112 799
1750858542769 0.9140625 849
1750858545067 0.8604555130004883 899
