1750858508482 0.17118172347545624 56
1750858511336 0.4498389661312103 113
1750858514753 0.4498446583747864 170
1750858517115 0.4522809088230133 227
1750858519554 0.47550293803215027 284
1750858522096 0.4679325222969055 341
1750858524380 0.4729614555835724 398
1750858526749 0.47326210141181946 455
1750858528982 0.4810056686401367 512
1750858531278 0.47739818692207336 569
1750858533534 0.4843401312828064 626
1750858535827 0.486930251121521 683
1750858538299 0.5015974640846252 740
1750858540637 0.4984980523586273 797
1750858543088 0.5096813440322876 854
1750858545720 0.5170931816101074 911
