1750858508104 0.47928792238235474 49
1750858510552 0.33115440607070923 99
1750858513756 0.30320870876312256 149
1750858515875 0.39648106694221497 199
1750858518022 0.30144309997558594 249
1750858520330 0.41640719771385193 299
1750858522384 0.28456592559814453 349
1750858524423 0.39961689710617065 399
1750858526425 0.4301726222038269 449
1750858528403 0.35158252716064453 499
1750858530421 0.31529051065444946 549
1750858532423 0.3010517358779907 599
1750858534412 0.3252675235271454 649
1750858536568 0.3739551901817322 699
1750858538657 0.32099267840385437 749
1750858540728 0.3422015905380249 799
1750858542769 0.30705273151397705 849
1750858545067 0.315016508102417 899
