1750858508104 0.3243243098258972 49
1750858510552 0.5263158082962036 99
1750858513756 0.5625 149
1750858515875 0.5769230723381042 199
1750858518022 0.5789473652839661 249
1750858520330 0.4285714328289032 299
1750858522384 0.5555555820465088 349
1750858524423 0.4285714328289032 399
1750858526425 0.44897958636283875 449
1750858528403 0.5116279125213623 499
1750858530421 0.5789473652839661 549
1750858532423 0.4848484992980957 599
1750858534412 0.5909090638160706 649
1750858536568 0.3888888955116272 699
1750858538657 0.6153846383094788 749
1750858540728 0.523809552192688 799
1750858542769 0.6274510025978088 849
1750858545067 0.6222222447395325 899
