1750858508482 -inf 56
1750858511336 0.7121981382369995 113
1750858514753 0.7435396313667297 170
1750858517115 0.7411079406738281 227
1750858519554 0.7434195280075073 284
1750858522096 0.7475111484527588 341
1750858524380 0.7505032420158386 398
1750858526749 0.7546430826187134 455
1750858528982 0.770835816860199 512
1750858531278 0.7607353925704956 569
1750858533534 0.759924054145813 626
1750858535827 0.7685582637786865 683
1750858538299 0.7797502875328064 740
1750858540637 0.7691140174865723 797
1750858543088 0.7737419009208679 854
1750858545720 0.7864199876785278 911
