1750858508482 0.7490506768226624 56
1750858511336 0.8363028764724731 113
1750858514753 0.8516625761985779 170
1750858517115 0.8547484874725342 227
1750858519554 0.8617705702781677 284
1750858522096 0.8643530011177063 341
1750858524380 0.8668420910835266 398
1750858526749 0.8684868812561035 455
1750858528982 0.8716709613800049 512
1750858531278 0.8730376958847046 569
1750858533534 0.875455379486084 626
1750858535827 0.8765687346458435 683
1750858538299 0.8787344098091125 740
1750858540637 0.8791239857673645 797
1750858543088 0.8824893236160278 854
1750858545720 0.8833091855049133 911
