1750858508104 0.20000000298023224 49
1750858510552 0.4166666567325592 99
1750858513756 0.3913043439388275 149
1750858515875 0.5 199
1750858518022 0.42307692766189575 249
1750858520330 0.3461538553237915 299
1750858522384 0.43478259444236755 349
1750858524423 0.3214285671710968 399
1750858526425 0.3235294222831726 449
1750858528403 0.40740740299224854 499
1750858530421 0.47826087474823 549
1750858532423 0.4444444477558136 599
1750858534412 0.4642857015132904 649
1750858536568 0.2916666567325592 699
1750858538657 0.5 749
1750858540728 0.40740740299224854 799
1750858542769 0.5 849
1750858545067 0.6086956262588501 899
