1750858508482 0.8055555820465088 56
1750858511336 0.847777783870697 113
1750858514753 0.8529166579246521 170
1750858517115 0.855555534362793 227
1750858519554 0.8576388955116272 284
1750858522096 0.8583333492279053 341
1750858524380 0.8606944680213928 398
1750858526749 0.8606944680213928 455
1750858528982 0.8647222518920898 512
1750858531278 0.8630555272102356 569
1750858533534 0.8622221946716309 626
1750858535827 0.8640277981758118 683
1750858538299 0.867222249507904 740
1750858540637 0.8673611283302307 797
1750858543088 0.8693055510520935 854
1750858545720 0.870972216129303 911
