1750857636112 0.0 49
1750857637843 0.0 99
1750857639592 0.0 149
1750857642136 0.0 199
1750857644114 0.0 224
1750857644167 0.0 224
1750857645317 1.0 249
1750857647144 1.0 299
1750857649058 1.0 349
1750857653428 1.0 399
1750857656028 1.0 449
1750857656379 1.0 449
1750857656415 1.0 449
1750857659840 2.0 499
1750857662373 2.0 549
1750857664395 2.0 599
1750857666770 2.0 649
1750857668418 2.0 674
1750857668445 2.0 674
1750857669540 3.0 699
1750857671936 3.0 749
1750857676981 3.0 799
1750857679071 3.0 849
1750857681110 3.0 899
1750857681293 3.0 899
1750857681316 3.0 899
1750857683380 4.0 949
1750857685630 4.0 999
1750857687914 4.0 1049
1750857690940 4.0 1099
1750857692763 4.0 1124
1750857692795 4.0 1124
1750857694213 5.0 1149
1750857697117 5.0 1199
1750857700030 5.0 1249
1750857702887 5.0 1299
1750857707489 5.0 1349
1750857707714 5.0 1349
1750857707742 5.0 1349
1750857710605 6.0 1399
1750857713702 6.0 1449
1750857716939 6.0 1499
1750857719853 6.0 1549
1750857721449 6.0 1574
1750857721478 6.0 1574
1750857723372 7.0 1599
1750857728175 7.0 1649
1750857730839 7.0 1699
1750857733382 7.0 1749
1750857735902 7.0 1799
1750857736150 7.0 1799
1750857736169 7.0 1799
1750857738718 8.0 1849
1750857741327 8.0 1899
1750857743899 8.0 1949
1750857746839 8.0 1999
1750857748365 8.0 2024
1750857748392 8.0 2024
1750857749762 9.0 2049
1750857752455 9.0 2099
1750857755209 9.0 2149
1750857757801 9.0 2199
1750857760503 9.0 2249
1750857760684 9.0 2249
1750857760697 9.0 2249
1750857763444 10.0 2299
1750857766389 10.0 2349
1750857769041 10.0 2399
1750857771923 10.0 2449
1750857773650 10.0 2474
1750857773663 10.0 2474
1750857775011 11.0 2499
1750857777928 11.0 2549
1750857780864 11.0 2599
1750857783749 11.0 2649
1750857786863 11.0 2699
1750857787049 11.0 2699
1750857787062 11.0 2699
1750857790182 12.0 2749
1750857793213 12.0 2799
1750857796560 12.0 2849
1750857799602 12.0 2899
1750857801304 12.0 2924
1750857801317 12.0 2924
1750857802927 13.0 2949
1750857806505 13.0 2999
1750857810883 13.0 3049
1750857814703 13.0 3099
1750857818345 13.0 3149
1750857818551 13.0 3149
1750857818576 13.0 3149
1750857822777 14.0 3199
1750857827191 14.0 3249
1750857831373 14.0 3299
1750857837270 14.0 3349
1750857839256 14.0 3374
1750857839275 14.0 3374
1750857842192 15.0 3375
