1750857644167 0.6912704706192017 224
1750857656415 0.7831765413284302 449
1750857668445 0.803257167339325 674
1750857681316 0.8284363746643066 899
1750857692795 0.8435813188552856 1124
1750857707742 0.8540711998939514 1349
1750857721478 0.8511099815368652 1574
1750857736169 0.855060338973999 1799
1750857748392 0.86385577917099 2024
1750857760697 0.863616943359375 2249
1750857773663 0.8595453500747681 2474
1750857787062 0.86285799741745 2699
1750857801317 0.8599495887756348 2924
1750857818576 0.8674130439758301 3149
1750857839275 0.8721556067466736 3374
