1750857644167 nan 224
1750857656415 -inf 449
1750857668445 -inf 674
1750857681316 0.7077251076698303 899
1750857692795 0.7174233198165894 1124
1750857707742 -24.40334701538086 1349
1750857721478 -12278.3037109375 1574
1750857736169 -10286603.0 1799
1750857748392 -4.384324043039402e+22 2024
1750857760697 -2.8217714625921423e+25 2249
1750857773663 0.736356258392334 2474
1750857787062 0.7582593560218811 2699
1750857801317 -1.8389938432139207e+27 2924
1750857818576 0.760458767414093 3149
1750857839275 0.7649628520011902 3374
