1750857636112 0.4961327910423279 49
1750857637843 0.5263324975967407 99
1750857639592 0.2804315686225891 149
1750857642136 0.560265302658081 199
1750857645317 0.418707013130188 249
1750857647144 0.47327250242233276 299
1750857649058 0.2741013169288635 349
1750857653428 0.4240034222602844 399
1750857656028 0.4574087858200073 449
1750857659840 0.31812503933906555 499
1750857662373 0.33521929383277893 549
1750857664395 0.2614513337612152 599
1750857666770 0.33770108222961426 649
1750857669540 0.4359225630760193 699
1750857671936 0.489347904920578 749
1750857676981 0.27322104573249817 799
1750857679071 0.45345985889434814 849
1750857681110 0.19783924520015717 899
1750857683380 0.32593998312950134 949
1750857685630 0.5660020709037781 999
1750857687914 0.48379290103912354 1049
1750857690940 0.2876843214035034 1099
1750857694213 0.334108829498291 1149
1750857697117 0.36229193210601807 1199
1750857700030 0.4414828419685364 1249
1750857702887 0.2957662045955658 1299
1750857707489 0.25981155037879944 1349
1750857710605 0.3582719564437866 1399
1750857713702 0.34436389803886414 1449
1750857716939 0.5971783399581909 1499
1750857719853 0.34863370656967163 1549
1750857723372 0.2939748167991638 1599
1750857728175 0.4121672511100769 1649
1750857730839 0.42120879888534546 1699
1750857733382 0.4287385642528534 1749
1750857735902 0.20939326286315918 1799
1750857738718 0.43069133162498474 1849
1750857741327 0.3862786591053009 1899
1750857743899 0.47414451837539673 1949
1750857746839 0.17652058601379395 1999
1750857749762 0.3290049433708191 2049
1750857752455 0.29339107871055603 2099
1750857755209 0.2367553412914276 2149
1750857757801 0.43699824810028076 2199
1750857760503 0.30450892448425293 2249
1750857763444 0.29445698857307434 2299
1750857766389 0.3637031316757202 2349
1750857769041 0.3997626304626465 2399
1750857771923 0.4493175446987152 2449
1750857775011 0.2220974862575531 2499
1750857777928 0.1644490510225296 2549
1750857780864 0.3511137366294861 2599
1750857783749 0.4420778155326843 2649
1750857786863 0.2530377507209778 2699
1750857790182 0.4995911717414856 2749
1750857793213 0.5924184322357178 2799
1750857796560 0.5122290849685669 2849
1750857799602 0.44636300206184387 2899
1750857802927 0.30181145668029785 2949
1750857806505 0.20752200484275818 2999
1750857810883 0.35585349798202515 3049
1750857814703 0.2507168650627136 3099
1750857818345 0.2694440186023712 3149
1750857822777 0.38412559032440186 3199
1750857827191 0.17784324288368225 3249
1750857831373 0.25312113761901855 3299
1750857837270 0.5355647802352905 3349
