1750857636112 -1.5662422764553682e+37 49
1750857637843 2.802596928649634e-45 99
1750857639592 6.866362475191604e-44 149
1750857642136 1.0 199
1750857645317 1.0 249
1750857647144 0.6666666865348816 299
1750857649058 0.0 349
1750857653428 1.0 399
1750857656028 0.4000000059604645 449
1750857659840 0.5 499
1750857662373 0.75 549
1750857664395 1.0 599
1750857666770 0.75 649
1750857669540 1.0 699
1750857671936 0.5 749
1750857676981 0.6000000238418579 799
1750857679071 0.4000000059604645 849
1750857681110 1.0 899
1750857683380 1.0 949
1750857685630 1.0 999
1750857687914 0.0 1049
1750857690940 0.5 1099
1750857694213 0.5714285969734192 1149
1750857697117 0.6666666865348816 1199
1750857700030 0.5 1249
1750857702887 0.8333333134651184 1299
1750857707489 1.0 1349
1750857710605 0.800000011920929 1399
1750857713702 1.0 1449
1750857716939 0.3333333432674408 1499
1750857719853 0.0 1549
1750857723372 1.0 1599
1750857728175 0.5 1649
1750857730839 1.0 1699
1750857733382 0.75 1749
1750857735902 0.6666666865348816 1799
1750857738718 1.0 1849
1750857741327 1.0 1899
1750857743899 0.5 1949
1750857746839 0.75 1999
1750857749762 1.0 2049
1750857752455 1.0 2099
1750857755209 0.8333333134651184 2149
1750857757801 0.6666666865348816 2199
1750857760503 1.0 2249
1750857763444 1.0 2299
1750857766389 0.8333333134651184 2349
1750857769041 1.0 2399
1750857771923 0.6666666865348816 2449
1750857775011 1.0 2499
1750857777928 0.75 2549
1750857780864 0.6666666865348816 2599
1750857783749 0.5 2649
1750857786863 1.0 2699
1750857790182 0.8571428656578064 2749
1750857793213 1.0 2799
1750857796560 0.6666666865348816 2849
1750857799602 0.6666666865348816 2899
1750857802927 0.9166666865348816 2949
1750857806505 1.0 2999
1750857810883 0.6666666865348816 3049
1750857814703 0.800000011920929 3099
1750857818345 0.75 3149
1750857822777 1.0 3199
1750857827191 0.5 3249
1750857831373 0.6666666865348816 3299
1750857837270 1.0 3349
