1750857644167 0.47989365458488464 224
1750857656415 0.41948768496513367 449
1750857668445 0.3967357277870178 674
1750857681316 0.3738211393356323 899
1750857692795 0.3584674298763275 1124
1750857707742 0.35131120681762695 1349
1750857721478 0.3454124927520752 1574
1750857736169 0.34359878301620483 1799
1750857748392 0.3420700132846832 2024
1750857760697 0.340424120426178 2249
1750857773663 0.33850449323654175 2474
1750857787062 0.33693963289260864 2699
1750857801317 0.33606070280075073 2924
1750857818576 0.3342423439025879 3149
1750857839275 0.33326804637908936 3374
