1750857636112 0.84375 49
1750857637843 0.78125 99
1750857639592 0.90625 149
1750857642136 0.75 199
1750857645317 0.84375 249
1750857647144 0.78125 299
1750857649058 0.875 349
1750857653428 0.8125 399
1750857656028 0.8125 449
1750857659840 0.875 499
1750857662373 0.84375 549
1750857664395 0.9375 599
1750857666770 0.875 649
1750857669540 0.8125 699
1750857671936 0.78125 749
1750857676981 0.84375 799
1750857679071 0.78125 849
1750857681110 0.96875 899
1750857683380 0.90625 949
1750857685630 0.8125 999
1750857687914 0.75 1049
1750857690940 0.8125 1099
1750857694213 0.84375 1149
1750857697117 0.8125 1199
1750857700030 0.78125 1249
1750857702887 0.90625 1299
1750857707489 0.90625 1349
1750857710605 0.84375 1399
1750857713702 0.90625 1449
1750857716939 0.6875 1499
1750857719853 0.8125 1549
1750857723372 0.9375 1599
1750857728175 0.78125 1649
1750857730839 0.875 1699
1750857733382 0.84375 1749
1750857735902 0.90625 1799
1750857738718 0.84375 1849
1750857741327 0.84375 1899
1750857743899 0.78125 1949
1750857746839 0.9375 1999
1750857749762 0.875 2049
1750857752455 0.9375 2099
1750857755209 0.9375 2149
1750857757801 0.84375 2199
1750857760503 0.90625 2249
1750857763444 0.90625 2299
1750857766389 0.90625 2349
1750857769041 0.84375 2399
1750857771923 0.78125 2449
1750857775011 0.90625 2499
1750857777928 0.9375 2549
1750857780864 0.84375 2599
1750857783749 0.875 2649
1750857786863 0.90625 2699
1750857790182 0.8125 2749
1750857793213 0.78125 2799
1750857796560 0.8125 2849
1750857799602 0.75 2899
1750857802927 0.84375 2949
1750857806505 0.9375 2999
1750857810883 0.8125 3049
1750857814703 0.875 3099
1750857818345 0.90625 3149
1750857822777 0.84375 3199
1750857827191 0.9375 3249
1750857831373 0.875 3299
1750857837270 0.78125 3349
