1750857644167 0.06620413810014725 224
1750857656415 0.30848294496536255 449
1750857668445 0.41885632276535034 674
1750857681316 0.46276527643203735 899
1750857692795 0.500943124294281 1124
1750857707742 0.5250205993652344 1349
1750857721478 0.5212011933326721 1574
1750857736169 0.5333841443061829 1799
1750857748392 0.5407057404518127 2024
1750857760697 0.5450456738471985 2249
1750857773663 0.5372822284698486 2474
1750857787062 0.5541887879371643 2699
1750857801317 0.5461130142211914 2924
1750857818576 0.5497416853904724 3149
1750857839275 0.5519639253616333 3374
