1750857644167 0.8016666769981384 224
1750857656415 0.8206944465637207 449
1750857668445 0.8369444608688354 674
1750857681316 0.8462499976158142 899
1750857692795 0.8519444465637207 1124
1750857707742 0.8547222018241882 1349
1750857721478 0.8548611402511597 1574
1750857736169 0.8572221994400024 1799
1750857748392 0.8584722280502319 2024
1750857760697 0.8587499856948853 2249
1750857773663 0.8600000143051147 2474
1750857787062 0.8619444370269775 2699
1750857801317 0.8615278005599976 2924
1750857818576 0.8619444370269775 3149
1750857839275 0.8619444370269775 3374
