1750857636112 0.0 49
1750857637843 0.0 99
1750857639592 0.0 149
1750857642136 0.3333333432674408 199
1750857645317 0.2857142984867096 249
1750857647144 0.3636363744735718 299
1750857649058 0.0 349
1750857653428 0.25 399
1750857656028 0.4000000059604645 449
1750857659840 0.5 499
1750857662373 0.5454545617103577 549
1750857664395 0.6666666865348816 599
1750857666770 0.6000000238418579 649
1750857669540 0.5 699
1750857671936 0.3636363744735718 749
1750857676981 0.5454545617103577 799
1750857679071 0.3636363744735718 849
1750857681110 0.800000011920929 899
1750857683380 0.7692307829856873 949
1750857685630 0.25 999
1750857687914 0.0 1049
1750857690940 0.25 1099
1750857694213 0.6153846383094788 1149
1750857697117 0.6666666865348816 1199
1750857700030 0.2222222238779068 1249
1750857702887 0.7692307829856873 1299
1750857707489 0.5714285969734192 1349
1750857710605 0.6153846383094788 1399
1750857713702 0.7272727489471436 1449
1750857716939 0.1666666716337204 1499
1750857719853 0.0 1549
1750857723372 0.8333333134651184 1599
1750857728175 0.2222222238779068 1649
1750857730839 0.6000000238418579 1699
1750857733382 0.5454545617103577 1749
1750857735902 0.5714285969734192 1799
1750857738718 0.6153846383094788 1849
1750857741327 0.6153846383094788 1899
1750857743899 0.3636363744735718 1949
1750857746839 0.75 1999
1750857749762 0.75 2049
1750857752455 0.75 2099
1750857755209 0.8333333134651184 2149
1750857757801 0.6153846383094788 2199
1750857760503 0.5714285969734192 2249
1750857763444 0.7272727489471436 2299
1750857766389 0.7692307829856873 2349
1750857769041 0.4444444477558136 2399
1750857771923 0.5333333611488342 2449
1750857775011 0.7692307829856873 2499
1750857777928 0.75 2549
1750857780864 0.6153846383094788 2599
1750857783749 0.3333333432674408 2649
1750857786863 0.5714285969734192 2699
1750857790182 0.6666666865348816 2749
1750857793213 0.4615384638309479 2799
1750857796560 0.4000000059604645 2849
1750857799602 0.5 2899
1750857802927 0.8148148059844971 2949
1750857806505 0.6666666865348816 2999
1750857810883 0.5714285969734192 3049
1750857814703 0.6666666865348816 3099
1750857818345 0.800000011920929 3149
1750857822777 0.6153846383094788 3199
1750857827191 0.5 3249
1750857831373 0.5 3299
1750857837270 0.5333333611488342 3349
