1750857636112 0.35555556416511536 49
1750857637843 0.5828571915626526 99
1750857639592 0.9425287246704102 149
1750857642136 0.7454544901847839 199
1750857645317 0.7628204822540283 249
1750857647144 0.7604166865348816 299
1750857649058 0.75 349
1750857653428 0.8171428442001343 399
1750857656028 0.6518518924713135 449
1750857659840 0.8839285969734192 499
1750857662373 0.8971428871154785 549
1750857664395 0.9107142686843872 599
1750857666770 0.8910256624221802 649
1750857669540 0.8454106450080872 699
1750857671936 0.7428570985794067 749
1750857676981 0.9615384340286255 799
1750857679071 0.7243589162826538 849
1750857681110 0.8965517282485962 899
1750857683380 0.9166666865348816 949
1750857685630 0.508571445941925 999
1750857687914 0.7485713958740234 1049
1750857690940 0.9294871687889099 1099
1750857694213 0.8589743375778198 1149
1750857697117 0.8937198519706726 1199
1750857700030 0.822857141494751 1249
1750857702887 0.9142856597900391 1299
1750857707489 0.9259259700775146 1349
1750857710605 0.9114583134651184 1399
1750857713702 0.8400000333786011 1449
1750857716939 0.7246377468109131 1499
1750857719853 0.8148148059844971 1549
1750857723372 0.8571429252624512 1599
1750857728175 0.8628571629524231 1649
1750857730839 0.7657142877578735 1699
1750857733382 0.8171428442001343 1749
1750857735902 0.9553571939468384 1799
1750857738718 0.8502415418624878 1849
1750857741327 0.8695651888847351 1899
1750857743899 0.7428570985794067 1949
1750857746839 0.9910714030265808 1999
1750857749762 0.936363697052002 2049
1750857752455 0.7999999523162842 2099
1750857755209 0.9679486751556396 2149
1750857757801 0.7771428823471069 2199
1750857760503 0.8222222328186035 2249
1750857763444 0.9257142543792725 2299
1750857766389 0.8057142496109009 2349
1750857769041 0.8285714387893677 2399
1750857771923 0.8164251446723938 2449
1750857775011 0.984375 2499
1750857777928 0.9910714030265808 2549
1750857780864 0.8514286279678345 2599
1750857783749 0.5803571343421936 2649
1750857786863 0.9111111164093018 2699
1750857790182 0.8008658289909363 2749
1750857793213 0.7818182110786438 2799
1750857796560 0.6914286017417908 2849
1750857799602 0.8090909123420715 2899
1750857802927 0.9764705896377563 2949
1750857806505 0.9285714626312256 2999
1750857810883 0.8854166865348816 3049
1750857814703 0.9428571462631226 3099
1750857818345 0.9542856812477112 3149
1750857822777 0.8550724983215332 3199
1750857827191 0.9833333492279053 3249
1750857831373 0.9259259700775146 3299
1750857837270 0.7965368032455444 3349
