1750857644167 0.04416290298104286 224
1750857656415 0.22592903673648834 449
1750857668445 0.32044103741645813 674
1750857681316 0.3693963289260864 899
1750857692795 0.4074189364910126 1124
1750857707742 0.43692031502723694 1349
1750857721478 0.42907199263572693 1574
1750857736169 0.450045108795166 1799
1750857748392 0.45566266775131226 2024
1750857760697 0.46620917320251465 2249
1750857773663 0.4578384757041931 2474
1750857787062 0.4683554172515869 2699
1750857801317 0.459891140460968 2924
1750857818576 0.45962032675743103 3149
1750857839275 0.4661068320274353 3374
