1750858238360 0.0 49
1750858238666 0.0 56
1750858238688 0.0 56
1750858240273 1.0 99
1750858240835 1.0 113
1750858240866 1.0 113
1750858242288 2.0 149
1750858243073 2.0 170
1750858243088 2.0 170
1750858244267 3.0 199
1750858246021 3.0 227
1750858246041 3.0 227
1750858247085 4.0 249
1750858248613 4.0 284
1750858248650 4.0 284
1750858249411 5.0 299
1750858251053 5.0 341
1750858251080 5.0 341
1750858251401 6.0 349
1750858253774 6.0 398
1750858253787 6.0 398
1750858253836 7.0 399
1750858255987 7.0 449
1750858256300 7.0 455
1750858256317 7.0 455
1750858258596 8.0 499
1750858259174 8.0 512
1750858259198 8.0 512
1750858260981 9.0 549
1750858261886 9.0 569
1750858261899 9.0 569
1750858263148 10.0 599
1750858264357 10.0 626
1750858264416 10.0 626
1750858265388 11.0 649
1750858266880 11.0 683
1750858266893 11.0 683
1750858267511 12.0 699
1750858269504 12.0 740
1750858269519 12.0 740
1750858269884 13.0 749
1750858272004 13.0 797
1750858272016 13.0 797
1750858272811 14.0 798
