1750858238688 0.21629445254802704 56
1750858240866 0.43127042055130005 113
1750858243088 0.43456998467445374 170
1750858246041 0.4471590518951416 227
1750858248650 0.4671618640422821 284
1750858251080 0.4505016505718231 341
1750858253787 0.4687832295894623 398
1750858256317 0.46792733669281006 455
1750858259198 0.46729370951652527 512
1750858261899 0.46302318572998047 569
1750858264416 0.4644140303134918 626
1750858266893 0.4673963487148285 683
1750858269519 0.47770410776138306 740
1750858272016 0.4489615559577942 797
