1750858238360 0.8621795177459717 49
1750858240273 0.7673284411430359 99
1750858242288 0.8391938805580139 149
1750858244267 0.7489986419677734 199
1750858247085 0.8417856693267822 249
1750858249411 0.8476851582527161 299
1750858251401 0.8529411554336548 349
1750858253836 0.7847222089767456 399
1750858255987 0.9149514436721802 449
1750858258596 0.8401656746864319 499
1750858260981 0.8034951686859131 549
1750858263148 0.7805556058883667 599
1750858265388 0.8557143211364746 649
1750858267511 0.9054487347602844 699
1750858269884 0.9308080673217773 749
