1750858238688 0.7494308352470398 56
1750858240866 0.8310261368751526 113
1750858243088 0.8490174412727356 170
1750858246041 0.8566856384277344 227
1750858248650 0.860505998134613 284
1750858251080 0.8646177053451538 341
1750858253787 0.866006076335907 398
1750858256317 0.8667798638343811 455
1750858259198 0.8705856204032898 512
1750858261899 0.8722780346870422 569
1750858264416 0.875889241695404 626
1750858266893 0.8759503364562988 683
1750858269519 0.8767933249473572 740
1750858272016 0.8775387406349182 797
