1750858238360 0.550000011920929 49
1750858240273 0.4888888895511627 99
1750858242288 0.42105263471603394 149
1750858244267 0.25 199
1750858247085 0.6274510025978088 249
1750858249411 0.5555555820465088 299
1750858251401 0.4545454680919647 349
1750858253836 0.4285714328289032 399
1750858255987 0.6666666865348816 449
1750858258596 0.47058823704719543 499
1750858260981 0.4000000059604645 549
1750858263148 0.5 599
1750858265388 0.5365853905677795 649
1750858267511 0.5405405163764954 699
1750858269884 0.6666666865348816 749
