1750858238688 0.43771660327911377 56
1750858240866 0.36940276622772217 113
1750858243088 0.3536754250526428 170
1750858246041 0.35034123063087463 227
1750858248650 0.3430919647216797 284
1750858251080 0.3397082984447479 341
1750858253787 0.3352452516555786 398
1750858256317 0.33095869421958923 455
1750858259198 0.3313119411468506 512
1750858261899 0.32937151193618774 569
1750858264416 0.3258861005306244 626
1750858266893 0.32673200964927673 683
1750858269519 0.32356807589530945 740
1750858272016 0.325126588344574 797
