1750858238688 0.8161110877990723 56
1750858240866 0.8508333563804626 113
1750858243088 0.8534722328186035 170
1750858246041 0.855138897895813 227
1750858248650 0.8608333468437195 284
1750858251080 0.8604166507720947 341
1750858253787 0.8620833158493042 398
1750858256317 0.866527795791626 455
1750858259198 0.8645833134651184 512
1750858261899 0.8629166483879089 569
1750858264416 0.8663889169692993 626
1750858266893 0.8652777671813965 683
1750858269519 0.8655555844306946 740
1750858272016 0.8619444370269775 797
