1750858238688 0.2920187711715698 56
1750858240866 0.5307487845420837 113
1750858243088 0.5433604121208191 170
1750858246041 0.5485838055610657 227
1750858248650 0.5700990557670593 284
1750858251080 0.5648865103721619 341
1750858253787 0.5725387334823608 398
1750858256317 0.5790764689445496 455
1750858259198 0.5784597992897034 512
1750858261899 0.5733524560928345 569
1750858264416 0.5811460614204407 626
1750858266893 0.5802380442619324 683
1750858269519 0.5828242897987366 740
1750858272016 0.5641850233078003 797
