1750858238360 0.33809950947761536 49
1750858240273 0.4419180452823639 99
1750858242288 0.33428797125816345 149
1750858244267 0.3943941295146942 199
1750858247085 0.3753682076931 249
1750858249411 0.3403875231742859 299
1750858251401 0.35813045501708984 349
1750858253836 0.3477116525173187 399
1750858255987 0.2921396493911743 449
1750858258596 0.3461288511753082 499
1750858260981 0.39466965198516846 549
1750858263148 0.34996187686920166 599
1750858265388 0.3586137592792511 649
1750858267511 0.28914040327072144 699
1750858269884 0.22643141448497772 749
