1750858238688 5.263122086278878e+26 56
1750858240866 0.7258328199386597 113
1750858243088 0.746854841709137 170
1750858246041 0.7559975981712341 227
1750858248650 0.7592541575431824 284
1750858251080 0.7757284641265869 341
1750858253787 0.7687874436378479 398
1750858256317 0.7905228734016418 455
1750858259198 0.7840502858161926 512
1750858261899 0.7877436876296997 569
1750858264416 0.8038134574890137 626
1750858266893 0.7916543483734131 683
1750858269519 0.7760875821113586 740
1750858272016 0.7890593409538269 797
