1750858238360 0.4583333432674408 49
1750858240273 0.37931033968925476 99
1750858242288 0.3636363744735718 149
1750858244267 0.1428571492433548 199
1750858247085 0.5714285969734192 249
1750858249411 0.5 299
1750858251401 0.38461539149284363 349
1750858253836 0.30000001192092896 399
1750858255987 0.5600000023841858 449
1750858258596 0.3478260934352875 499
1750858260981 0.2800000011920929 549
1750858263148 0.4000000059604645 599
1750858265388 0.3928571343421936 649
1750858267511 0.4166666567325592 699
1750858269884 0.5555555820465088 749
