1750858432367 0.0 49
1750858432751 0.0 56
1750858432773 0.0 56
1750858434249 1.0 99
1750858434791 1.0 113
1750858434814 1.0 113
1750858436054 2.0 149
1750858436878 2.0 170
1750858436902 2.0 170
1750858437913 3.0 199
1750858439027 3.0 227
1750858439086 3.0 227
1750858439868 4.0 249
1750858441188 4.0 284
1750858441213 4.0 284
1750858441764 5.0 299
1750858443537 5.0 341
1750858443564 5.0 341
1750858443896 6.0 349
1750858446202 6.0 398
1750858446215 6.0 398
1750858446261 7.0 399
1750858448124 7.0 449
1750858448436 7.0 455
1750858448448 7.0 455
1750858450134 8.0 499
1750858450739 8.0 512
1750858450768 8.0 512
1750858452285 9.0 549
1750858453133 9.0 569
1750858453148 9.0 569
1750858454371 10.0 599
1750858455491 10.0 626
1750858455505 10.0 626
1750858456425 11.0 649
1750858458062 11.0 683
1750858458075 11.0 683
1750858458762 12.0 699
1750858460736 12.0 740
1750858460751 12.0 740
1750858461115 13.0 749
1750858463347 13.0 797
1750858463361 13.0 797
1750858464176 14.0 798
