1750858432773 0.09526437520980835 56
1750858434814 0.30170026421546936 113
1750858436902 0.4239475429058075 170
1750858439086 0.4505963921546936 227
1750858441213 0.4530025124549866 284
1750858443564 0.46462559700012207 341
1750858446215 0.46352648735046387 398
1750858448448 0.4600154161453247 455
1750858450768 0.45962923765182495 512
1750858453148 0.4883236885070801 569
1750858455505 0.4739507734775543 626
1750858458075 0.49219125509262085 683
1750858460751 0.503459632396698 740
1750858463361 0.5005641579627991 797
