1750858432773 0.8031944632530212 56
1750858434814 0.8313888907432556 113
1750858436902 0.8487499952316284 170
1750858439086 0.8543055653572083 227
1750858441213 0.8544444441795349 284
1750858443564 0.8581944704055786 341
1750858446215 0.8568055629730225 398
1750858448448 0.8575000166893005 455
1750858450768 0.8584722280502319 512
1750858453148 0.8620833158493042 569
1750858455505 0.8613888621330261 626
1750858458075 0.8644444346427917 683
1750858460751 0.8651388883590698 740
1750858463361 0.8658333420753479 797
