1750858432773 0.4635733366012573 56
1750858434814 0.4033053517341614 113
1750858436902 0.36685603857040405 170
1750858439086 0.3503451347351074 227
1750858441213 0.350586861371994 284
1750858443564 0.34160760045051575 341
1750858446215 0.33998093008995056 398
1750858448448 0.337347149848938 455
1750858450768 0.33419087529182434 512
1750858453148 0.3326406478881836 569
1750858455505 0.3299478590488434 626
1750858458075 0.32522109150886536 683
1750858460751 0.3225724697113037 740
1750858463361 0.3221342861652374 797
