1750858432773 0.7240013480186462 56
1750858434814 0.8005931973457336 113
1750858436902 0.8410468697547913 170
1750858439086 0.853973925113678 227
1750858441213 0.8559738993644714 284
1750858443564 0.8617964386940002 341
1750858446215 0.8648251295089722 398
1750858448448 0.8651700019836426 455
1750858450768 0.8672094941139221 512
1750858453148 0.8701225519180298 569
1750858455505 0.8780021071434021 626
1750858458075 0.8751553297042847 683
1750858460751 0.8774704337120056 740
1750858463361 0.8806942701339722 797
