1750858432773 0.13985198736190796 56
1750858434814 0.4142967760562897 113
1750858436902 0.5262790322303772 170
1750858439086 0.5493886470794678 227
1750858441213 0.5512676239013672 284
1750858443564 0.5643831491470337 341
1750858446215 0.5601572394371033 398
1750858448448 0.5600905418395996 455
1750858450768 0.5671122670173645 512
1750858453148 0.585796058177948 569
1750858455505 0.5752711296081543 626
1750858458075 0.5893224477767944 683
1750858460751 0.5997625589370728 740
1750858463361 0.5975809097290039 797
