1750858432367 1.0 49
1750858434249 0.7142857313156128 99
1750858436054 0.7727272510528564 149
1750858437913 0.8461538553237915 199
1750858439868 0.8333333134651184 249
1750858441764 0.4000000059604645 299
1750858443896 0.9411764740943909 349
1750858446261 0.8571428656578064 399
1750858448124 0.5555555820465088 449
1750858450134 0.7222222089767456 499
1750858452285 0.7647058963775635 549
1750858454371 0.6190476417541504 599
1750858456425 0.8823529481887817 649
1750858458762 0.6800000071525574 699
1750858461115 0.7777777910232544 749
