1750858432367 0.2800000011920929 49
1750858434249 0.19230769574642181 99
1750858436054 0.4722222089767456 149
1750858437913 0.37931033968925476 199
1750858439868 0.3571428656578064 249
1750858441764 0.5454545617103577 299
1750858443896 0.5925925970077515 349
1750858446261 0.5454545617103577 399
1750858448124 0.4545454680919647 449
1750858450134 0.5 499
1750858452285 0.5416666865348816 549
1750858454371 0.6842105388641357 599
1750858456425 0.4838709533214569 649
1750858458762 0.45945945382118225 699
1750858461115 0.6086956262588501 749
