1750858432367 0.7864077091217041 49
1750858434249 0.6719456911087036 99
1750858436054 0.8348430395126343 149
1750858437913 0.8453500866889954 199
1750858439868 0.8453571200370789 249
1750858441764 0.9067598581314087 299
1750858443896 0.910891056060791 349
1750858446261 0.8886762857437134 399
1750858448124 0.8627787232398987 449
1750858450134 0.8996983170509338 499
1750858452285 0.8930288553237915 549
1750858454371 0.9261226654052734 599
1750858456425 0.8875956535339355 649
1750858458762 0.859518826007843 699
1750858461115 0.9175983667373657 749
