1750858432367 0.4083489179611206 49
1750858434249 0.4870243966579437 99
1750858436054 0.4241125285625458 149
1750858437913 0.36855214834213257 199
1750858439868 0.39267295598983765 249
1750858441764 0.2442459911108017 299
1750858443896 0.26717162132263184 349
1750858446261 0.3464632034301758 399
1750858448124 0.32063645124435425 449
1750858450134 0.2971237599849701 499
1750858452285 0.3067701458930969 549
1750858454371 0.2874045670032501 599
1750858456425 0.3387470841407776 649
1750858458762 0.420555055141449 699
1750858461115 0.24992753565311432 749
