1750858432773 -1.2733216712480416e+30 56
1750858434814 0.7031927108764648 113
1750858436902 0.7306840419769287 170
1750858439086 0.7404660582542419 227
1750858441213 0.7457308173179626 284
1750858443564 0.7472828030586243 341
1750858446215 0.7417067885398865 398
1750858448448 0.763008713722229 455
1750858450768 0.7667266726493835 512
1750858453148 0.7615526914596558 569
1750858455505 0.769287645816803 626
1750858458075 0.7542868256568909 683
1750858460751 0.7583353519439697 740
1750858463361 0.767074465751648 797
