1750857429308 0.0 49
1750857429606 0.0 56
1750857429625 0.0 56
1750857431088 1.0 99
1750857431605 1.0 113
1750857431626 1.0 113
1750857432832 2.0 149
1750857433593 2.0 170
1750857433617 2.0 170
1750857434613 3.0 199
1750857435627 3.0 227
1750857435650 3.0 227
1750857436487 4.0 249
1750857437738 4.0 284
1750857437757 4.0 284
1750857438277 5.0 299
1750857439765 5.0 341
1750857439786 5.0 341
1750857440075 6.0 349
1750857441781 6.0 398
1750857441801 6.0 398
1750857441843 7.0 399
1750857443625 7.0 449
1750857443907 7.0 455
1750857443932 7.0 455
1750857445514 8.0 499
1750857446048 8.0 512
1750857446073 8.0 512
1750857447401 9.0 549
1750857448228 9.0 569
1750857448251 9.0 569
1750857449393 10.0 599
1750857450472 10.0 626
1750857450492 10.0 626
1750857451377 11.0 649
1750857452708 11.0 683
1750857452729 11.0 683
1750857453336 12.0 699
1750857455092 12.0 740
1750857455115 12.0 740
1750857455473 13.0 749
1750857457407 13.0 797
1750857457432 13.0 797
1750857457522 14.0 799
1750857459497 14.0 849
1750857459771 14.0 854
1750857459793 14.0 854
1750857460780 15.0 855
