1750857429625 0.6992447376251221 56
1750857431626 0.6401398777961731 113
1750857433617 0.5828346610069275 170
1750857435650 0.5350283980369568 227
1750857437757 0.5008819103240967 284
1750857439786 0.4790841042995453 341
1750857441801 0.4655807614326477 398
1750857443932 0.4568292796611786 455
1750857446073 0.4505893290042877 512
1750857448251 0.44593533873558044 569
1750857450492 0.44210463762283325 626
1750857452729 0.43897339701652527 683
1750857455115 0.4361783266067505 740
1750857457432 0.43366527557373047 797
1750857459793 0.43126726150512695 854
