1750857429308 0.520370364189148 49
1750857431088 0.6395306587219238 99
1750857432832 0.6935818195343018 149
1750857434613 0.6552315950393677 199
1750857436487 0.5776157379150391 249
1750857438277 0.6576105952262878 299
1750857440075 0.6901357173919678 349
1750857441843 0.7013605833053589 399
1750857443625 0.7052565813064575 449
1750857445514 0.7346092462539673 499
1750857447401 0.6813725233078003 549
1750857449393 0.7392857074737549 599
1750857451377 0.7199581861495972 649
1750857453336 0.7904646992683411 699
1750857455473 0.6687378287315369 749
1750857457522 0.7688301801681519 799
1750857459497 0.8322020769119263 849
