1750857429625 0.543266236782074 56
1750857431626 0.564103364944458 113
1750857433617 0.6010210514068604 170
1750857435650 0.6379933953285217 227
1750857437757 0.6694765686988831 284
1750857439786 0.7007750868797302 341
1750857441801 0.7189565300941467 398
1750857443932 0.7313787937164307 455
1750857446073 0.742682695388794 512
1750857448251 0.7468939423561096 569
1750857450492 0.7533318996429443 626
1750857452729 0.7601441144943237 683
1750857455115 0.7622202038764954 740
1750857457432 0.7644371390342712 797
1750857459793 0.7695592641830444 854
