1750857429625 0.31292256712913513 56
1750857431626 0.14546526968479156 113
1750857433617 0.015528823249042034 170
1750857435650 0.001077441149391234 227
1750857437757 0.0 284
1750857439786 0.0 341
1750857441801 0.0 398
1750857443932 0.001077441149391234 455
1750857446073 0.00377489160746336 512
1750857448251 0.016278833150863647 569
1750857450492 0.04642624780535698 626
1750857452729 0.08170668035745621 683
1750857455115 0.11055971682071686 740
1750857457432 0.14185307919979095 797
1750857459793 0.17808328568935394 854
