1750857429625 0.44361111521720886 56
1750857431626 0.7594444155693054 113
1750857433617 0.7959722280502319 170
1750857435650 0.7962499856948853 227
1750857437757 0.7962499856948853 284
1750857439786 0.7962499856948853 341
1750857441801 0.7962499856948853 398
1750857443932 0.7963888645172119 455
1750857446073 0.79666668176651 512
1750857448251 0.7976388931274414 569
1750857450492 0.800000011920929 626
1750857452729 0.8022222518920898 683
1750857455115 0.8043055534362793 740
1750857457432 0.8062499761581421 797
1750857459793 0.8070833086967468 854
