1750857429308 0.6786180138587952 49
1750857431088 0.6267122030258179 99
1750857432832 0.551427960395813 149
1750857434613 0.5112938284873962 199
1750857436487 0.49001502990722656 249
1750857438277 0.515609622001648 299
1750857440075 0.48688000440597534 349
1750857441843 0.49932917952537537 399
1750857443625 0.5315505266189575 449
1750857445514 0.5098608136177063 499
1750857447401 0.47816380858421326 549
1750857449393 0.46278315782546997 599
1750857451377 0.4884383976459503 649
1750857453336 0.4049558639526367 699
1750857455473 0.46805688738822937 749
1750857457522 0.403536319732666 799
1750857459497 0.39633697271347046 849
