1750857429308 0.17499999701976776 49
1750857431088 0.20000000298023224 99
1750857432832 7.006492321624085e-45 149
1750857434613 1.0486526179215933e+19 199
1750857436487 6.866362475191604e-44 249
1750857438277 3.3941435107283893e-35 299
1750857440075 2.802596928649634e-45 349
1750857441843 6.866362475191604e-44 399
1750857443625 0.0 449
1750857445514 0.0 499
1750857447401 6.866362475191604e-44 549
1750857449393 1.0 599
1750857451377 -2.8649739174684502e+32 649
1750857453336 0.0 699
1750857455473 0.5 749
1750857457522 1.0 799
1750857459497 0.8571428656578064 849
