1750857429625 0.6462141275405884 56
1750857431626 0.1139986589550972 113
1750857433617 0.008161969482898712 170
1750857435650 0.0005555555690079927 227
1750857437757 0.0 284
1750857439786 0.0 341
1750857441801 0.0 398
1750857443932 0.0005555555690079927 455
1750857446073 0.0019988243002444506 512
1750857448251 0.008564947172999382 569
1750857450492 0.024772103875875473 626
1750857452729 0.045367658138275146 683
1750857455115 0.06191744655370712 740
1750857457432 0.08192159235477448 797
1750857459793 0.10605935752391815 854
