1750858003787 0.0 49
1750858004116 0.0 56
1750858004144 0.0 56
1750858005698 1.0 99
1750858006250 1.0 113
1750858006272 1.0 113
1750858007728 2.0 149
1750858008541 2.0 170
1750858008571 2.0 170
1750858009648 3.0 199
1750858010708 3.0 227
1750858010722 3.0 227
1750858011514 4.0 249
1750858012827 4.0 284
1750858012847 4.0 284
1750858013522 5.0 299
1750858015302 5.0 341
1750858015326 5.0 341
1750858015635 6.0 349
1750858017642 6.0 398
1750858017659 6.0 398
1750858017710 7.0 399
1750858020223 7.0 449
1750858020696 7.0 455
1750858020759 7.0 455
1750858023007 8.0 499
1750858023571 8.0 512
1750858023586 8.0 512
1750858025062 9.0 549
1750858026283 9.0 569
1750858026296 9.0 569
1750858027738 10.0 599
1750858029313 10.0 626
1750858029330 10.0 626
1750858030329 11.0 627
