1750857355417 0.0 49
1750857357079 0.0 99
1750857357884 0.0 112
1750857357903 0.0 112
1750857359137 1.0 149
1750857360832 1.0 199
1750857361809 1.0 225
1750857361835 1.0 225
1750857362697 2.0 249
1750857364441 2.0 299
1750857365882 2.0 338
1750857365908 2.0 338
1750857366310 3.0 349
1750857368096 3.0 399
1750857370021 3.0 449
1750857370194 3.0 451
1750857370214 3.0 451
1750857371967 4.0 499
1750857373865 4.0 549
1750857374574 4.0 564
1750857374595 4.0 564
1750857375885 5.0 599
1750857377800 5.0 649
1750857378989 5.0 677
1750857379015 5.0 677
1750857379874 6.0 699
1750857381838 6.0 749
1750857383547 6.0 790
1750857383572 6.0 790
1750857383951 7.0 799
1750857385926 7.0 849
1750857388098 7.0 899
1750857388375 7.0 903
1750857388401 7.0 903
1750857390236 8.0 949
1750857392372 8.0 999
1750857393200 8.0 1016
1750857393222 8.0 1016
1750857394600 9.0 1049
1750857396762 9.0 1099
1750857398132 9.0 1129
1750857398152 9.0 1129
1750857399012 10.0 1149
1750857401142 10.0 1199
1750857403374 10.0 1242
1750857403397 10.0 1242
1750857403726 11.0 1249
1750857406284 11.0 1299
1750857408625 11.0 1349
1750857409085 11.0 1355
1750857409105 11.0 1355
1750857410991 12.0 1399
1750857413297 12.0 1449
1750857414251 12.0 1468
1750857414266 12.0 1468
1750857415657 13.0 1499
1750857418058 13.0 1549
1750857419546 13.0 1581
1750857419568 13.0 1581
1750857420390 14.0 1599
1750857422771 14.0 1649
1750857425050 14.0 1694
1750857425070 14.0 1694
1750857426501 15.0 1695
