1750857355417 0.0714285746216774 49
1750857357079 0.0 99
1750857359137 0.0 149
1750857360832 0.0 199
1750857362697 0.0 249
1750857364441 0.0 299
1750857366310 0.0714285746216774 349
1750857368096 0.0 399
1750857370021 0.0 449
1750857371967 0.125 499
1750857373865 0.10526315867900848 549
1750857375885 0.1666666716337204 599
1750857377800 0.38461539149284363 649
1750857379874 0.2222222238779068 699
1750857381838 0.0833333358168602 749
1750857383951 0.29411765933036804 799
1750857385926 0.2666666805744171 849
1750857388098 0.38461539149284363 899
1750857390236 0.5 949
1750857392372 0.29411765933036804 999
1750857394600 0.3333333432674408 1049
1750857396762 0.0 1099
1750857399012 0.3333333432674408 1149
1750857401142 0.2142857164144516 1199
1750857403726 0.2857142984867096 1249
1750857406284 0.0555555559694767 1299
1750857408625 0.4444444477558136 1349
1750857410991 0.0833333358168602 1399
1750857413297 0.3333333432674408 1449
1750857415657 0.10000000149011612 1499
1750857418058 0.3571428656578064 1549
1750857420390 0.3076923191547394 1599
1750857422771 0.25 1649
