1750857357903 0.610894501209259 112
1750857361835 0.4671153426170349 225
1750857365908 0.4445209205150604 338
1750857370214 0.43462225794792175 451
1750857374595 0.42880791425704956 564
1750857379015 0.4251699447631836 677
1750857383572 0.4218001663684845 790
1750857388401 0.4187053442001343 903
1750857393222 0.4159241318702698 1016
1750857398152 0.4134087562561035 1129
1750857403397 0.4113768935203552 1242
1750857409105 0.40936654806137085 1355
1750857414266 0.4069400727748871 1468
1750857419568 0.4050181806087494 1581
1750857425070 0.40327969193458557 1694
