1750857357903 0.690416693687439 112
1750857361835 0.7962499856948853 225
1750857365908 0.7994444370269775 338
1750857370214 0.8055555820465088 451
1750857374595 0.8119444251060486 564
1750857379015 0.8176388740539551 677
1750857383572 0.8177777528762817 790
1750857388401 0.8211110830307007 903
1750857393222 0.824999988079071 1016
1750857398152 0.8270833492279053 1129
1750857403397 0.8294444680213928 1242
1750857409105 0.8309721946716309 1355
1750857414266 0.8313888907432556 1468
1750857419568 0.8333333134651184 1581
1750857425070 0.8344444632530212 1694
