1750857357903 0.24146515130996704 112
1750857361835 0.0 225
1750857365908 0.019467035308480263 338
1750857370214 0.08502660691738129 451
1750857374595 0.15494129061698914 564
1750857379015 0.18666315078735352 677
1750857383572 0.2222505360841751 790
1750857388401 0.2305516004562378 903
1750857393222 0.2513628602027893 1016
1750857398152 0.27373507618904114 1129
1750857403397 0.2758975923061371 1242
1750857409105 0.29134809970855713 1355
1750857414266 0.295772910118103 1468
1750857419568 0.29633018374443054 1581
1750857425070 0.3061959147453308 1694
