1750857355417 0.78125 49
1750857357079 0.921875 99
1750857359137 0.75 149
1750857360832 0.71875 199
1750857362697 0.796875 249
1750857364441 0.8125 299
1750857366310 0.765625 349
1750857368096 0.71875 399
1750857370021 0.796875 449
1750857371967 0.78125 499
1750857373865 0.71875 549
1750857375885 0.84375 599
1750857377800 0.859375 649
1750857379874 0.75 699
1750857381838 0.796875 749
1750857383951 0.796875 799
1750857385926 0.796875 849
1750857388098 0.875 899
1750857390236 0.890625 949
1750857392372 0.8125 999
1750857394600 0.84375 1049
1750857396762 0.84375 1099
1750857399012 0.84375 1149
1750857401142 0.796875 1199
1750857403726 0.84375 1249
1750857406284 0.734375 1299
1750857408625 0.859375 1349
1750857410991 0.796875 1399
1750857413297 0.8125 1449
1750857415657 0.828125 1499
1750857418058 0.859375 1549
1750857420390 0.859375 1599
1750857422771 0.828125 1649
