1750857357903 -inf 112
1750857361835 nan 225
1750857365908 -inf 338
1750857370214 -inf 451
1750857374595 4635.04150390625 564
1750857379015 0.6696364283561707 677
1750857383572 0.6449840664863586 790
1750857388401 0.6651028990745544 903
1750857393222 0.6819665431976318 1016
1750857398152 0.6975555419921875 1129
1750857403397 0.6963738799095154 1242
1750857409105 0.6941834688186646 1355
1750857414266 0.7065866589546204 1468
1750857419568 0.7261013984680176 1581
1750857425070 0.7164099812507629 1694
