1750857355417 0.5 49
1750857357079 0.0 99
1750857359137 -2.8649739174684502e+32 149
1750857360832 0.0 199
1750857362697 0.0 249
1750857364441 7.006492321624085e-45 299
1750857366310 0.3333333432674408 349
1750857368096 0.0 399
1750857370021 0.0 449
1750857371967 1.0 499
1750857373865 0.6666666865348816 549
1750857375885 1.0 599
1750857377800 0.8333333134651184 649
1750857379874 0.6666666865348816 699
1750857381838 0.3333333432674408 749
1750857383951 0.8333333134651184 799
1750857385926 0.6666666865348816 849
1750857388098 1.0 899
1750857390236 0.7142857313156128 949
1750857392372 1.0 999
1750857394600 0.6666666865348816 1049
1750857396762 0.0 1099
1750857399012 1.0 1149
1750857401142 0.6000000238418579 1199
1750857403726 1.0 1249
1750857406284 1.0 1299
1750857408625 0.5 1349
1750857410991 0.3333333432674408 1399
1750857413297 0.3333333432674408 1449
1750857415657 0.3333333432674408 1499
1750857418058 1.0 1549
1750857420390 1.0 1599
1750857422771 0.6000000238418579 1649
