1750857357903 0.13417893648147583 112
1750857361835 0.0 225
1750857365908 0.035545434802770615 338
1750857370214 0.1403982937335968 451
1750857374595 0.2381076067686081 564
1750857379015 0.27954837679862976 677
1750857383572 0.31863829493522644 790
1750857388401 0.33140408992767334 903
1750857393222 0.3555699288845062 1016
1750857398152 0.3793073296546936 1129
1750857403397 0.38211774826049805 1242
1750857409105 0.3950177729129791 1355
1750857414266 0.4021168351173401 1468
1750857419568 0.4064686894416809 1581
1750857425070 0.41831204295158386 1694
