1750857355417 0.125 49
1750857357079 0.0 99
1750857359137 0.0 149
1750857360832 0.0 199
1750857362697 0.0 249
1750857364441 0.0 299
1750857366310 0.11764705926179886 349
1750857368096 0.0 399
1750857370021 0.0 449
1750857371967 0.2222222238779068 499
1750857373865 0.1818181872367859 549
1750857375885 0.2857142984867096 599
1750857377800 0.5263158082962036 649
1750857379874 0.3333333432674408 699
1750857381838 0.13333334028720856 749
1750857383951 0.43478259444236755 799
1750857385926 0.380952388048172 849
1750857388098 0.5555555820465088 899
1750857390236 0.5882353186607361 949
1750857392372 0.4545454680919647 999
1750857394600 0.4444444477558136 1049
1750857396762 0.0 1099
1750857399012 0.5 1149
1750857401142 0.31578946113586426 1199
1750857403726 0.4444444477558136 1249
1750857406284 0.10526315867900848 1299
1750857408625 0.47058823704719543 1349
1750857410991 0.13333334028720856 1399
1750857413297 0.3333333432674408 1449
1750857415657 0.1538461595773697 1499
1750857418058 0.5263158082962036 1549
1750857420390 0.47058823704719543 1599
1750857422771 0.3529411852359772 1649
