1750857355417 0.6257143020629883 49
1750857357079 0.6576271057128906 99
1750857359137 0.6888021230697632 149
1750857360832 0.7041062712669373 199
1750857362697 0.6968325972557068 249
1750857364441 0.8637820482254028 299
1750857366310 0.7028571367263794 349
1750857368096 0.796875 399
1750857370021 0.6546002626419067 449
1750857371967 0.6744791865348816 499
1750857373865 0.7543859481811523 549
1750857375885 0.875 599
1750857377800 0.8340874910354614 649
1750857379874 0.816425085067749 699
1750857381838 0.8525640964508057 749
1750857383951 0.914893627166748 799
1750857385926 0.7414966225624084 849
1750857388098 0.924585223197937 899
1750857390236 0.8944444060325623 949
1750857392372 0.7271590232849121 999
1750857394600 0.8141025304794312 1049
1750857396762 0.8767676949501038 1099
1750857399012 0.7877551317214966 1149
1750857401142 0.7871428728103638 1199
1750857403726 0.8928571343421936 1249
1750857406284 0.5978261232376099 1299
1750857408625 0.8060606718063354 1349
1750857410991 0.6891025304794312 1399
1750857413297 0.7373737096786499 1449
1750857415657 0.6499999761581421 1499
1750857418058 0.8742856979370117 1549
1750857420390 0.8733031749725342 1599
1750857422771 0.8012820482254028 1649
