1750857357903 0.6216404438018799 112
1750857361835 0.7102487087249756 225
1750857365908 0.7479815483093262 338
1750857370214 0.7606796026229858 451
1750857374595 0.7666870951652527 564
1750857379015 0.7690646648406982 677
1750857383572 0.7773416042327881 790
1750857388401 0.7775134444236755 903
1750857393222 0.7830910682678223 1016
1750857398152 0.7823244333267212 1129
1750857403397 0.7850789427757263 1242
1750857409105 0.789780855178833 1355
1750857414266 0.7875663638114929 1468
1750857419568 0.7920714020729065 1581
1750857425070 0.7931252717971802 1694
