1750857355417 0.6198625564575195 49
1750857357079 0.41184258460998535 99
1750857359137 0.5334562659263611 149
1750857360832 0.5720638632774353 199
1750857362697 0.4708588421344757 249
1750857364441 0.37245965003967285 299
1750857366310 0.48330825567245483 349
1750857368096 0.463226854801178 399
1750857370021 0.4920565187931061 449
1750857371967 0.5447990298271179 499
1750857373865 0.5349981784820557 549
1750857375885 0.3526039123535156 599
1750857377800 0.37936946749687195 649
1750857379874 0.47424352169036865 699
1750857381838 0.3581489026546478 749
1750857383951 0.39069026708602905 799
1750857385926 0.48148807883262634 849
1750857388098 0.3181350827217102 899
1750857390236 0.3258175849914551 949
1750857392372 0.5137436389923096 999
1750857394600 0.3772389888763428 1049
1750857396762 0.3384545147418976 1099
1750857399012 0.4337388277053833 1149
1750857401142 0.46149104833602905 1199
1750857403726 0.35529035329818726 1249
1750857406284 0.6707373857498169 1299
1750857408625 0.34909823536872864 1349
1750857410991 0.4438128173351288 1399
1750857413297 0.41006195545196533 1449
1750857415657 0.4138086438179016 1499
1750857418058 0.3525482416152954 1549
1750857420390 0.3530290722846985 1599
1750857422771 0.3907121419906616 1649
