1750858466600 0.0 49
1750858466983 0.0 56
1750858467009 0.0 56
1750858468696 1.0 99
1750858469388 1.0 113
1750858469416 1.0 113
1750858470842 2.0 149
1750858471708 2.0 170
1750858471731 2.0 170
1750858472806 3.0 199
1750858473915 3.0 227
1750858473940 3.0 227
1750858474746 4.0 249
1750858476036 4.0 284
1750858476047 4.0 284
1750858476552 5.0 299
1750858478111 5.0 341
1750858478122 5.0 341
1750858478398 6.0 349
1750858480294 6.0 398
1750858480308 6.0 398
1750858480357 7.0 399
1750858482347 7.0 449
1750858482648 7.0 455
1750858482666 7.0 455
1750858484362 8.0 499
1750858484978 8.0 512
1750858485011 8.0 512
1750858486673 9.0 549
1750858487722 9.0 569
1750858487755 9.0 569
1750858489264 10.0 599
1750858490459 10.0 626
1750858490470 10.0 626
1750858491526 11.0 649
1750858493195 11.0 683
1750858493224 11.0 683
1750858494001 12.0 699
1750858496215 12.0 740
1750858496230 12.0 740
1750858496727 13.0 749
1750858499114 13.0 797
1750858499138 13.0 797
1750858499248 14.0 799
1750858503523 14.0 849
1750858503927 14.0 854
1750858503948 14.0 854
1750858504863 15.0 855
