1750858466600 0.1666666716337204 49
1750858468696 0.6206896305084229 99
1750858470842 0.5882353186607361 149
1750858472806 0.5 199
1750858474746 0.5128205418586731 249
1750858476552 0.5 299
1750858478398 0.6785714030265808 349
1750858480357 0.7692307829856873 399
1750858482347 0.4444444477558136 449
1750858484362 0.4390243887901306 499
1750858486673 0.6111111044883728 549
1750858489264 0.7317073345184326 599
1750858491526 0.5714285969734192 649
1750858494001 0.3571428656578064 699
1750858496727 0.4848484992980957 749
1750858499248 0.5641025900840759 799
1750858503523 0.5128205418586731 849
