1750858466600 0.095238097012043 49
1750858468696 0.529411792755127 99
1750858470842 0.5769230723381042 149
1750858472806 0.47058823704719543 199
1750858474746 0.3571428656578064 249
1750858476552 0.3870967626571655 299
1750858478398 0.59375 349
1750858480357 0.6818181872367859 399
1750858482347 0.375 449
1750858484362 0.3333333432674408 499
1750858486673 0.4583333432674408 549
1750858489264 0.6818181872367859 599
1750858491526 0.4545454680919647 649
1750858494001 0.25 699
1750858496727 0.380952388048172 749
1750858499248 0.4583333432674408 799
1750858503523 0.4000000059604645 849
