1750858466600 0.36927440762519836 49
1750858468696 0.2624559700489044 99
1750858470842 0.40984517335891724 149
1750858472806 0.30413132905960083 199
1750858474746 0.32698115706443787 249
1750858476552 0.4022291600704193 299
1750858478398 0.34672749042510986 349
1750858480357 0.24285393953323364 399
1750858482347 0.32858240604400635 449
1750858484362 0.36044207215309143 499
1750858486673 0.2570318877696991 549
1750858489264 0.26732689142227173 599
1750858491526 0.2466541975736618 649
1750858494001 0.3248692452907562 699
1750858496727 0.2858317196369171 749
1750858499248 0.32648155093193054 799
1750858503523 0.33142805099487305 849
