1750858466600 0.7877169847488403 49
1750858468696 0.8738738894462585 99
1750858470842 0.8110859990119934 149
1750858472806 0.8378378748893738 199
1750858474746 0.9049999713897705 249
1750858476552 0.8446956872940063 299
1750858478398 0.90625 349
1750858480357 0.948113203048706 399
1750858482347 0.7918526530265808 449
1750858484362 0.8518518209457397 499
1750858486673 0.9262820482254028 549
1750858489264 0.895797610282898 599
1750858491526 0.9348198771476746 649
1750858494001 0.8416666984558105 699
1750858496727 0.8811749219894409 749
1750858499248 0.8637820482254028 799
1750858503523 0.8691262006759644 849
