1750858467009 0.45408570766448975 56
1750858469416 0.38560524582862854 113
1750858471731 0.3550434112548828 170
1750858473940 0.34594833850860596 227
1750858476047 0.3405115306377411 284
1750858478122 0.33465176820755005 341
1750858480308 0.3351268768310547 398
1750858482666 0.32982510328292847 455
1750858485011 0.33046016097068787 512
1750858487755 0.3264293670654297 569
1750858490470 0.3227587938308716 626
1750858493224 0.3187853991985321 683
1750858496230 0.323896586894989 740
1750858499138 0.31964531540870667 797
1750858503948 0.31787699460983276 854
