1750858467009 0.14854899048805237 56
1750858469416 0.47634220123291016 113
1750858471731 0.5354882478713989 170
1750858473940 0.5591630339622498 227
1750858476047 0.5599040985107422 284
1750858478122 0.5717345476150513 341
1750858480308 0.5745864510536194 398
1750858482666 0.5797832608222961 455
1750858485011 0.5737530589103699 512
1750858487755 0.5791983604431152 569
1750858490470 0.5815160870552063 626
1750858493224 0.5925533771514893 683
1750858496230 0.5890576839447021 740
1750858499138 0.5882858633995056 797
1750858503948 0.5907437205314636 854
