1750858467009 0.725989043712616 56
1750858469416 0.8239325881004333 113
1750858471731 0.8491420745849609 170
1750858473940 0.8580178618431091 227
1750858476047 0.8589911460876465 284
1750858478122 0.8659732341766357 341
1750858480308 0.8677155375480652 398
1750858482666 0.8706710934638977 455
1750858485011 0.8722562193870544 512
1750858487755 0.8746952414512634 569
1750858490470 0.8769285678863525 626
1750858493224 0.8809779286384583 683
1750858496230 0.8782016038894653 740
1750858499138 0.8825606107711792 797
1750858503948 0.880068302154541 854
