1750858467009 0.09754876047372818 56
1750858469416 0.37177565693855286 113
1750858471731 0.4333467185497284 170
1750858473940 0.46086737513542175 227
1750858476047 0.45474281907081604 284
1750858478122 0.4671626091003418 341
1750858480308 0.46622028946876526 398
1750858482666 0.47572553157806396 455
1750858485011 0.46705830097198486 512
1750858487755 0.47608357667922974 569
1750858490470 0.474734365940094 626
1750858493224 0.4900815188884735 683
1750858496230 0.49302318692207336 740
1750858499138 0.4837353229522705 797
1750858503948 0.4895138144493103 854
