1750858467009 -inf 56
1750858469416 0.7054598927497864 113
1750858471731 0.7416460514068604 170
1750858473940 0.7417046427726746 227
1750858476047 0.7519260048866272 284
1750858478122 0.7619679570198059 341
1750858480308 0.7760416269302368 398
1750858482666 0.7686575055122375 455
1750858485011 0.7744863629341125 512
1750858487755 0.7619834542274475 569
1750858490470 0.7717645764350891 626
1750858493224 0.7667475938796997 683
1750858496230 0.7660296559333801 740
1750858499138 0.7846242189407349 797
1750858503948 0.7674793601036072 854
