1750858467009 0.8075000047683716 56
1750858469416 0.8412500023841858 113
1750858471731 0.852222204208374 170
1750858473940 0.856249988079071 227
1750858476047 0.8590278029441833 284
1750858478122 0.8615278005599976 341
1750858480308 0.8620833158493042 398
1750858482666 0.8640277981758118 455
1750858485011 0.8641666769981384 512
1750858487755 0.8622221946716309 569
1750858490470 0.8643055558204651 626
1750858493224 0.8655555844306946 683
1750858496230 0.8637499809265137 740
1750858499138 0.866527795791626 797
1750858503948 0.8656944632530212 854
