1750858466600 0.6666666865348816 49
1750858468696 0.75 99
1750858470842 0.6000000238418579 149
1750858472806 0.5333333611488342 199
1750858474746 0.9090909361839294 249
1750858476552 0.7058823704719543 299
1750858478398 0.7916666865348816 349
1750858480357 0.8823529481887817 399
1750858482347 0.5454545617103577 449
1750858484362 0.6428571343421936 499
1750858486673 0.9166666865348816 549
1750858489264 0.7894737124443054 599
1750858491526 0.7692307829856873 649
1750858494001 0.625 699
1750858496727 0.6666666865348816 749
1750858499248 0.7333333492279053 799
1750858503523 0.7142857313156128 849
