1750857462956 0.0 49
1750857464553 0.0 99
1750857466189 0.0 149
1750857467962 0.0 199
1750857468984 0.0 224
1750857469003 0.0 224
1750857469844 1.0 249
1750857471574 1.0 299
1750857473316 1.0 349
1750857475063 1.0 399
1750857476814 1.0 449
1750857476996 1.0 449
1750857477016 1.0 449
1750857478787 2.0 499
1750857480633 2.0 549
1750857482477 2.0 599
1750857484497 2.0 649
1750857485632 2.0 674
1750857485655 2.0 674
1750857486624 3.0 699
1750857488531 3.0 749
1750857490492 3.0 799
1750857492441 3.0 849
1750857494514 3.0 899
1750857494697 3.0 899
1750857494723 3.0 899
1750857496737 4.0 949
1750857498800 4.0 999
1750857500885 4.0 1049
1750857503082 4.0 1099
1750857504274 4.0 1124
1750857504299 4.0 1124
1750857505363 5.0 1149
1750857507523 5.0 1199
1750857509767 5.0 1249
1750857511951 5.0 1299
1750857514157 5.0 1349
1750857514341 5.0 1349
1750857514363 5.0 1349
1750857516778 6.0 1399
1750857519013 6.0 1449
1750857521311 6.0 1499
1750857523604 6.0 1549
1750857525040 6.0 1574
1750857525061 6.0 1574
1750857526196 7.0 1599
1750857528681 7.0 1649
1750857530997 7.0 1699
1750857533437 7.0 1749
1750857535900 7.0 1799
1750857536072 7.0 1799
1750857536084 7.0 1799
1750857538573 8.0 1849
1750857541082 8.0 1899
1750857543604 8.0 1949
1750857546191 8.0 1999
1750857547660 8.0 2024
1750857547673 8.0 2024
1750857548912 9.0 2049
1750857551571 9.0 2099
1750857554186 9.0 2149
1750857556791 9.0 2199
1750857559647 9.0 2249
1750857559830 9.0 2249
1750857559843 9.0 2249
1750857562502 10.0 2299
1750857565345 10.0 2349
1750857568018 10.0 2399
1750857570796 10.0 2449
1750857572285 10.0 2474
1750857572305 10.0 2474
1750857573773 11.0 2499
1750857576648 11.0 2549
1750857579499 11.0 2599
1750857582504 11.0 2649
1750857585734 11.0 2699
1750857586010 11.0 2699
1750857586024 11.0 2699
1750857589552 12.0 2749
1750857592476 12.0 2799
1750857595710 12.0 2849
1750857598701 12.0 2899
1750857600394 12.0 2924
1750857600407 12.0 2924
1750857601924 13.0 2949
1750857605018 13.0 2999
1750857608174 13.0 3049
1750857611474 13.0 3099
1750857614654 13.0 3149
1750857614864 13.0 3149
1750857614883 13.0 3149
1750857618205 14.0 3199
1750857621393 14.0 3249
1750857624825 14.0 3299
1750857628085 14.0 3349
1750857629963 14.0 3374
1750857629976 14.0 3374
1750857632831 15.0 3375
