1750857462956 0.78125 49
1750857464553 0.875 99
1750857466189 0.875 149
1750857467962 0.84375 199
1750857469844 0.75 249
1750857471574 0.78125 299
1750857473316 0.8125 349
1750857475063 0.90625 399
1750857476814 0.875 449
1750857478787 0.8125 499
1750857480633 0.78125 549
1750857482477 0.8125 599
1750857484497 0.90625 649
1750857486624 0.6875 699
1750857488531 0.90625 749
1750857490492 0.9375 799
1750857492441 0.875 849
1750857494514 0.75 899
1750857496737 0.78125 949
1750857498800 0.875 999
1750857500885 0.90625 1049
1750857503082 0.90625 1099
1750857505363 0.8125 1149
1750857507523 0.875 1199
1750857509767 0.84375 1249
1750857511951 0.9375 1299
1750857514157 0.875 1349
1750857516778 0.9375 1399
1750857519013 0.90625 1449
1750857521311 0.9375 1499
1750857523604 0.875 1549
1750857526196 0.84375 1599
1750857528681 1.0 1649
1750857530997 0.84375 1699
1750857533437 1.0 1749
1750857535900 0.90625 1799
1750857538573 0.9375 1849
1750857541082 0.875 1899
1750857543604 0.8125 1949
1750857546191 0.96875 1999
1750857548912 0.875 2049
1750857551571 0.8125 2099
1750857554186 0.875 2149
1750857556791 0.8125 2199
1750857559647 0.84375 2249
1750857562502 0.84375 2299
1750857565345 0.6875 2349
1750857568018 0.875 2399
1750857570796 0.9375 2449
1750857573773 1.0 2499
1750857576648 0.84375 2549
1750857579499 0.96875 2599
1750857582504 0.9375 2649
1750857585734 0.8125 2699
1750857589552 0.875 2749
1750857592476 0.875 2799
1750857595710 0.84375 2849
1750857598701 0.84375 2899
1750857601924 0.78125 2949
1750857605018 0.9375 2999
1750857608174 0.90625 3049
1750857611474 0.84375 3099
1750857614654 0.84375 3149
1750857618205 0.9375 3199
1750857621393 0.90625 3249
1750857624825 0.84375 3299
1750857628085 0.90625 3349
