1750857469003 0.10029707849025726 224
1750857477016 0.38273441791534424 449
1750857485655 0.49796390533447266 674
1750857494723 0.5189771056175232 899
1750857504299 0.5485582947731018 1124
1750857514363 0.5394740104675293 1349
1750857525061 0.5404519438743591 1574
1750857536084 0.5473887920379639 1799
1750857547673 0.544828474521637 2024
1750857559843 0.5442463755607605 2249
1750857572305 0.5457294583320618 2474
1750857586024 0.5515512824058533 2699
1750857600407 0.5683702826499939 2924
1750857614883 0.5639989376068115 3149
1750857629976 0.569650411605835 3374
