1750857462956 0.5428571701049805 49
1750857464553 0.7321428656578064 99
1750857466189 0.8962962627410889 149
1750857467962 0.8666666746139526 199
1750857469844 0.8057143092155457 249
1750857471574 0.8717948198318481 299
1750857473316 0.8397436141967773 349
1750857475063 0.8489583730697632 399
1750857476814 0.8965517282485962 449
1750857478787 0.7946428060531616 499
1750857480633 0.8499999642372131 549
1750857482477 0.8390804529190063 599
1750857484497 0.9322916269302368 649
1750857486624 0.8357487916946411 699
1750857488531 0.9615384340286255 749
1750857490492 0.9895833730697632 799
1750857492441 0.8141025304794312 849
1750857494514 0.9090908765792847 899
1750857496737 0.8218623399734497 949
1750857498800 0.8303571343421936 999
1750857500885 0.8971428871154785 1049
1750857503082 0.8571428656578064 1099
1750857505363 0.8727272748947144 1149
1750857507523 0.8846153616905212 1199
1750857509767 0.6730769276618958 1249
1750857511951 0.9425287246704102 1299
1750857514157 0.859375 1349
1750857516778 0.9428571462631226 1399
1750857519013 0.9851851463317871 1449
1750857521311 1.0 1499
1750857523604 0.9227052927017212 1549
1750857526196 0.8035714626312256 1599
1750857528681 1.0 1649
1750857530997 0.84375 1699
1750857533437 1.0 1749
1750857535900 0.9037036895751953 1799
1750857538573 0.9464285969734192 1849
1750857541082 0.7407407760620117 1899
1750857543604 0.9038461446762085 1949
1750857546191 0.9885057806968689 1999
1750857548912 0.9661835432052612 2049
1750857551571 0.6089743375778198 2099
1750857554186 0.8454107046127319 2149
1750857556791 0.8954545259475708 2199
1750857559647 0.5185185074806213 2249
1750857562502 0.865384578704834 2299
1750857565345 0.729468584060669 2349
1750857568018 0.9028571844100952 2399
1750857570796 0.8958333134651184 2449
1750857573773 1.0 2499
1750857576648 0.8181818127632141 2549
1750857579499 0.9743589162826538 2599
1750857582504 0.5666667222976685 2649
1750857585734 0.8743960857391357 2699
1750857589552 0.7589285969734192 2749
1750857592476 0.8444444537162781 2799
1750857595710 0.8148148059844971 2849
1750857598701 0.8965517282485962 2899
1750857601924 0.8550724983215332 2949
1750857605018 0.9017857313156128 2999
1750857608174 0.9516907930374146 3049
1750857611474 0.6962963342666626 3099
1750857614654 0.84375 3149
1750857618205 0.9487178921699524 3199
1750857621393 0.875 3249
1750857624825 0.9199999570846558 3299
1750857628085 0.9464285373687744 3349
