1750857469003 0.47830256819725037 224
1750857477016 0.39931246638298035 449
1750857485655 0.36390167474746704 674
1750857494723 0.3502323627471924 899
1750857504299 0.34377607703208923 1124
1750857514363 0.34061968326568604 1349
1750857525061 0.3383939266204834 1574
1750857536084 0.3361169695854187 1799
1750857547673 0.33552640676498413 2024
1750857559843 0.3330449163913727 2249
1750857572305 0.33182814717292786 2474
1750857586024 0.33002233505249023 2699
1750857600407 0.32853496074676514 2924
1750857614883 0.32581669092178345 3149
1750857629976 0.32505208253860474 3374
