1750857462956 0.0 49
1750857464553 0.0 99
1750857466189 0.3333333432674408 149
1750857467962 0.4444444477558136 199
1750857469844 0.0 249
1750857471574 0.2222222238779068 299
1750857473316 0.25 349
1750857475063 0.7692307829856873 399
1750857476814 0.0 449
1750857478787 0.25 499
1750857480633 0.5333333611488342 549
1750857482477 0.25 599
1750857484497 0.7692307829856873 649
1750857486624 0.1666666716337204 699
1750857488531 0.6666666865348816 749
1750857490492 0.8571428656578064 799
1750857492441 0.6000000238418579 849
1750857494514 0.3333333432674408 899
1750857496737 0.6315789222717285 949
1750857498800 0.5 999
1750857500885 0.800000011920929 1049
1750857503082 0.5714285969734192 1099
1750857505363 0.625 1149
1750857507523 0.5 1199
1750857509767 0.2857142984867096 1249
1750857511951 0.6666666865348816 1299
1750857514157 0.6666666865348816 1349
1750857516778 0.8333333134651184 1399
1750857519013 0.6666666865348816 1449
1750857521311 0.75 1499
1750857523604 0.7142857313156128 1549
1750857526196 0.4444444477558136 1599
1750857528681 1.0 1649
1750857530997 0.5454545617103577 1699
1750857533437 1.0 1749
1750857535900 0.6666666865348816 1799
1750857538573 0.6666666865348816 1849
1750857541082 0.3333333432674408 1899
1750857543604 0.4000000059604645 1949
1750857546191 0.800000011920929 1999
1750857548912 0.75 2049
1750857551571 0.25 2099
1750857554186 0.7142857313156128 2149
1750857556791 0.5714285969734192 2199
1750857559647 0.4444444477558136 2249
1750857562502 0.5454545617103577 2299
1750857565345 0.375 2349
1750857568018 0.6666666865348816 2399
1750857570796 0.875 2449
1750857573773 1.0 2499
1750857576648 0.7058823704719543 2549
1750857579499 0.9090909361839294 2599
1750857582504 0.5 2649
1750857585734 0.625 2699
1750857589552 0.3333333432674408 2749
1750857592476 0.3333333432674408 2799
1750857595710 0.6153846383094788 2849
1750857598701 0.2857142984867096 2899
1750857601924 0.4615384638309479 2949
1750857605018 0.6666666865348816 2999
1750857608174 0.8421052694320679 3049
1750857611474 0.2857142984867096 3099
1750857614654 0.6153846383094788 3149
1750857618205 0.800000011920929 3199
1750857621393 0.6666666865348816 3249
1750857624825 0.5454545617103577 3299
1750857628085 0.5714285969734192 3349
