1750857469003 0.7078554034233093 224
1750857477016 0.8035796284675598 449
1750857485655 0.8389397263526917 674
1750857494723 0.852954626083374 899
1750857504299 0.8605062365531921 1124
1750857514363 0.8619726300239563 1349
1750857525061 0.863073468208313 1574
1750857536084 0.8641329407691956 1799
1750857547673 0.8593102097511292 2024
1750857559843 0.8656762838363647 2249
1750857572305 0.8739683032035828 2474
1750857586024 0.8680031299591064 2699
1750857600407 0.8710479736328125 2924
1750857614883 0.8747707009315491 3149
1750857629976 0.8749374747276306 3374
