1750857469003 0.08730623126029968 224
1750857477016 0.2942371070384979 449
1750857485655 0.41230151057243347 674
1750857494723 0.43538424372673035 899
1750857504299 0.46817898750305176 1124
1750857514363 0.45386558771133423 1349
1750857525061 0.46046021580696106 1574
1750857536084 0.4744165241718292 1799
1750857547673 0.4611964821815491 2024
1750857559843 0.46267205476760864 2249
1750857572305 0.46880412101745605 2474
1750857586024 0.47347399592399597 2699
1750857600407 0.4809059798717499 2924
1750857614883 0.4863351881504059 3149
1750857629976 0.48528775572776794 3374
