1750857469003 0.789305567741394 224
1750857477016 0.8308333158493042 449
1750857485655 0.8504166603088379 674
1750857494723 0.8545833230018616 899
1750857504299 0.8584722280502319 1124
1750857514363 0.8579166531562805 1349
1750857525061 0.8584722280502319 1574
1750857536084 0.8586111068725586 1799
1750857547673 0.8581944704055786 2024
1750857559843 0.8626388907432556 2249
1750857572305 0.85958331823349 2474
1750857586024 0.8597221970558167 2699
1750857600407 0.8629166483879089 2924
1750857614883 0.8620833158493042 3149
1750857629976 0.8643055558204651 3374
