1750857462956 0.0 49
1750857464553 8.407790785948902e-45 99
1750857466189 1.0 149
1750857467962 0.5 199
1750857469844 0.0 249
1750857471574 0.3333333432674408 299
1750857473316 0.5 349
1750857475063 1.0 399
1750857476814 0.0 449
1750857478787 0.25 499
1750857480633 0.800000011920929 549
1750857482477 0.20000000298023224 599
1750857484497 1.0 649
1750857486624 0.3333333432674408 699
1750857488531 1.0 749
1750857490492 1.0 799
1750857492441 0.75 849
1750857494514 1.0 899
1750857496737 1.0 949
1750857498800 0.5 999
1750857500885 0.75 1049
1750857503082 0.6666666865348816 1099
1750857505363 0.8333333134651184 1149
1750857507523 1.0 1199
1750857509767 1.0 1249
1750857511951 0.6666666865348816 1299
1750857514157 1.0 1349
1750857516778 1.0 1399
1750857519013 0.75 1449
1750857521311 1.0 1499
1750857523604 1.0 1549
1750857526196 0.4000000059604645 1599
1750857528681 1.0 1649
1750857530997 1.0 1699
1750857533437 1.0 1749
1750857535900 0.75 1799
1750857538573 1.0 1849
1750857541082 1.0 1899
1750857543604 0.5 1949
1750857546191 1.0 1999
1750857548912 0.8571428656578064 2049
1750857551571 0.5 2099
1750857554186 1.0 2149
1750857556791 1.0 2199
1750857559647 0.5 2249
1750857562502 0.6000000238418579 2299
1750857565345 0.4285714328289032 2349
1750857568018 0.800000011920929 2399
1750857570796 0.875 2449
1750857573773 1.0 2499
1750857576648 0.8571428656578064 2549
1750857579499 1.0 2599
1750857582504 0.5 2649
1750857585734 0.7142857313156128 2699
1750857589552 0.5 2749
1750857592476 1.0 2799
1750857595710 0.5 2849
1750857598701 0.25 2899
1750857601924 0.75 2949
1750857605018 1.0 2999
1750857608174 0.800000011920929 3049
1750857611474 0.5 3099
1750857614654 0.800000011920929 3149
1750857618205 1.0 3199
1750857621393 0.6000000238418579 3249
1750857624825 0.75 3299
1750857628085 0.6666666865348816 3349
