1750857462956 0.533232569694519 49
1750857464553 0.36136990785598755 99
1750857466189 0.2900533080101013 149
1750857467962 0.3862837553024292 199
1750857469844 0.4394082725048065 249
1750857471574 0.37137630581855774 299
1750857473316 0.36031198501586914 349
1750857475063 0.42214885354042053 399
1750857476814 0.27748605608940125 449
1750857478787 0.3597867786884308 499
1750857480633 0.43347084522247314 549
1750857482477 0.37199699878692627 599
1750857484497 0.2859349846839905 649
1750857486624 0.45800894498825073 699
1750857488531 0.22636239230632782 749
1750857490492 0.21130214631557465 799
1750857492441 0.3478893041610718 849
1750857494514 0.45982658863067627 899
1750857496737 0.5546336770057678 949
1750857498800 0.29908135533332825 999
1750857500885 0.2919556796550751 1049
1750857503082 0.27070558071136475 1099
1750857505363 0.41223326325416565 1149
1750857507523 0.3198238015174866 1199
1750857509767 0.46053847670555115 1249
1750857511951 0.21884238719940186 1299
1750857514157 0.3714880347251892 1349
1750857516778 0.2733266353607178 1399
1750857519013 0.2285103052854538 1449
1750857521311 0.18898196518421173 1499
1750857523604 0.3149409890174866 1549
1750857526196 0.34104299545288086 1599
1750857528681 0.12398801743984222 1649
1750857530997 0.3782409727573395 1699
1750857533437 0.14046116173267365 1749
1750857535900 0.258319228887558 1799
1750857538573 0.2148057371377945 1849
1750857541082 0.3825192451477051 1899
1750857543604 0.3071305751800537 1949
1750857546191 0.16808517277240753 1999
1750857548912 0.2535667419433594 2049
1750857551571 0.5277835130691528 2099
1750857554186 0.40982580184936523 2149
1750857556791 0.44566524028778076 2199
1750857559647 0.4539552330970764 2249
1750857562502 0.31506168842315674 2299
1750857565345 0.5432643890380859 2349
1750857568018 0.3102874159812927 2399
1750857570796 0.35961025953292847 2449
1750857573773 0.1626611351966858 2499
1750857576648 0.4315371513366699 2549
1750857579499 0.19253522157669067 2599
1750857582504 0.24437418580055237 2649
1750857585734 0.37767142057418823 2699
1750857589552 0.30644166469573975 2749
1750857592476 0.29489871859550476 2799
1750857595710 0.37384915351867676 2849
1750857598701 0.2514914274215698 2899
1750857601924 0.45601731538772583 2949
1750857605018 0.24440006911754608 2999
1750857608174 0.28263139724731445 3049
1750857611474 0.4543757438659668 3099
1750857614654 0.40730372071266174 3149
1750857618205 0.24971413612365723 3199
1750857621393 0.2683386206626892 3249
1750857624825 0.2897394895553589 3299
1750857628085 0.19419991970062256 3349
