1750858032749 0.0 49
1750858034515 0.0 99
1750858037232 0.0 149
1750858039218 0.0 199
1750858040654 0.0 224
1750858040676 0.0 224
1750858041690 1.0 249
1750858043721 1.0 299
1750858045640 1.0 349
1750858047621 1.0 399
1750858050793 1.0 449
1750858051222 1.0 449
1750858051269 1.0 449
1750858054802 2.0 499
1750858057075 2.0 549
1750858060185 2.0 599
1750858063201 2.0 649
1750858064416 2.0 674
1750858064442 2.0 674
1750858065386 3.0 699
1750858067387 3.0 749
1750858069387 3.0 799
1750858071428 3.0 849
1750858073510 3.0 899
1750858073697 3.0 899
1750858073716 3.0 899
1750858075874 4.0 949
1750858077915 4.0 999
1750858080032 4.0 1049
1750858082201 4.0 1099
1750858083572 4.0 1124
1750858083592 4.0 1124
1750858084656 5.0 1149
1750858086855 5.0 1199
1750858089102 5.0 1249
1750858091299 5.0 1299
1750858093557 5.0 1349
1750858093742 5.0 1349
1750858093761 5.0 1349
1750858096169 6.0 1399
1750858098569 6.0 1449
1750858101039 6.0 1499
1750858103436 6.0 1549
1750858104803 6.0 1574
1750858104824 6.0 1574
1750858106008 7.0 1599
1750858108500 7.0 1649
1750858111004 7.0 1699
1750858113624 7.0 1749
1750858116754 7.0 1799
1750858117054 7.0 1799
1750858117081 7.0 1799
1750858119853 8.0 1849
1750858122666 8.0 1899
1750858125359 8.0 1949
1750858128264 8.0 1999
1750858130133 8.0 2024
1750858130159 8.0 2024
1750858132019 9.0 2049
1750858135804 9.0 2099
1750858139562 9.0 2149
1750858142975 9.0 2199
1750858146463 9.0 2249
1750858146746 9.0 2249
1750858146770 9.0 2249
1750858149701 10.0 2299
1750858152661 10.0 2349
1750858155525 10.0 2399
1750858158880 10.0 2449
1750858160719 10.0 2474
1750858160742 10.0 2474
1750858162419 11.0 2499
1750858166221 11.0 2549
1750858170454 11.0 2599
1750858174311 11.0 2649
1750858177561 11.0 2699
1750858177769 11.0 2699
1750858177795 11.0 2699
1750858182562 12.0 2749
1750858186475 12.0 2799
1750858189927 12.0 2849
1750858193362 12.0 2899
1750858195373 12.0 2924
1750858195419 12.0 2924
1750858197551 13.0 2949
1750858200945 13.0 2999
1750858205067 13.0 3049
1750858209381 13.0 3099
1750858213425 13.0 3149
1750858213797 13.0 3149
1750858213827 13.0 3149
1750858220118 14.0 3199
1750858223729 14.0 3249
1750858227193 14.0 3299
1750858230601 14.0 3349
1750858232540 14.0 3374
1750858232563 14.0 3374
1750858235260 15.0 3375
