1750858032749 0.0 49
1750858034515 0.0 99
1750858037232 0.0 149
1750858039218 0.0 199
1750858041690 0.0 249
1750858043721 0.0 299
1750858045640 0.0 349
1750858047621 0.0 399
1750858050793 0.0 449
1750858054802 0.0 499
1750858057075 0.0 549
1750858060185 0.0 599
1750858063201 0.0 649
1750858065386 0.0 699
1750858067387 0.0 749
1750858069387 0.0 799
1750858071428 0.0 849
1750858073510 0.09090909361839294 899
1750858075874 0.0 949
1750858077915 0.0 999
1750858080032 0.0 1049
1750858082201 0.0 1099
1750858084656 0.20000000298023224 1149
1750858086855 0.125 1199
1750858089102 0.4000000059604645 1249
1750858091299 0.0 1299
1750858093557 0.1666666716337204 1349
1750858096169 0.1666666716337204 1399
1750858098569 0.5 1449
1750858101039 0.4285714328289032 1499
1750858103436 0.4285714328289032 1549
1750858106008 0.25 1599
1750858108500 0.6000000238418579 1649
1750858111004 0.2857142984867096 1699
1750858113624 0.125 1749
1750858116754 0.125 1799
1750858119853 0.5714285969734192 1849
1750858122666 0.375 1899
1750858125359 0.20000000298023224 1949
1750858128264 0.1666666716337204 1999
1750858132019 0.125 2049
1750858135804 0.625 2099
1750858139562 0.1428571492433548 2149
1750858142975 0.6000000238418579 2199
1750858146463 0.5 2249
1750858149701 0.25 2299
1750858152661 0.125 2349
1750858155525 0.25 2399
1750858158880 0.20000000298023224 2449
1750858162419 0.25 2499
1750858166221 0.0 2549
1750858170454 0.25 2599
1750858174311 0.3333333432674408 2649
1750858177561 0.1428571492433548 2699
1750858182562 0.3333333432674408 2749
1750858186475 0.6666666865348816 2799
1750858189927 0.2222222238779068 2849
1750858193362 0.0 2899
1750858197551 0.5 2949
1750858200945 0.30000001192092896 2999
1750858205067 0.20000000298023224 3049
1750858209381 0.2222222238779068 3099
1750858213425 0.375 3149
1750858220118 0.2857142984867096 3199
1750858223729 0.2222222238779068 3249
1750858227193 0.5714285969734192 3299
1750858230601 0.5714285969734192 3349
