1750858040676 0.5957450270652771 224
1750858051269 0.4835999310016632 449
1750858064442 0.45881879329681396 674
1750858073716 0.4433177709579468 899
1750858083592 0.43193984031677246 1124
1750858093761 0.42311275005340576 1349
1750858104824 0.41575750708580017 1574
1750858117081 0.40876147150993347 1799
1750858130159 0.40183931589126587 2024
1750858146770 0.39494651556015015 2249
1750858160742 0.38788771629333496 2474
1750858177795 0.3812720477581024 2699
1750858195419 0.3747401833534241 2924
1750858213827 0.36894991993904114 3149
1750858232563 0.364042729139328 3374
