1750858032749 0.78125 49
1750858034515 0.8125 99
1750858037232 0.71875 149
1750858039218 0.65625 199
1750858041690 0.90625 249
1750858043721 0.75 299
1750858045640 0.75 349
1750858047621 0.8125 399
1750858050793 0.90625 449
1750858054802 0.90625 499
1750858057075 0.6875 549
1750858060185 0.78125 599
1750858063201 0.84375 649
1750858065386 0.8125 699
1750858067387 0.9375 749
1750858069387 0.78125 799
1750858071428 0.8125 849
1750858073510 0.6875 899
1750858075874 0.75 949
1750858077915 0.625 999
1750858080032 0.78125 1049
1750858082201 0.875 1099
1750858084656 0.875 1149
1750858086855 0.71875 1199
1750858089102 0.90625 1249
1750858091299 0.8125 1299
1750858093557 0.8125 1349
1750858096169 0.84375 1399
1750858098569 0.90625 1449
1750858101039 0.875 1499
1750858103436 0.84375 1549
1750858106008 0.90625 1599
1750858108500 0.90625 1649
1750858111004 0.84375 1699
1750858113624 0.78125 1749
1750858116754 0.78125 1799
1750858119853 0.90625 1849
1750858122666 0.84375 1899
1750858125359 0.84375 1949
1750858128264 0.71875 1999
1750858132019 0.78125 2049
1750858135804 0.90625 2099
1750858139562 0.78125 2149
1750858142975 0.875 2199
1750858146463 0.875 2249
1750858149701 0.90625 2299
1750858152661 0.78125 2349
1750858155525 0.84375 2399
1750858158880 0.84375 2449
1750858162419 0.8125 2499
1750858166221 0.875 2549
1750858170454 0.8125 2599
1750858174311 0.84375 2649
1750858177561 0.78125 2699
1750858182562 0.84375 2749
1750858186475 0.90625 2799
1750858189927 0.75 2849
1750858193362 0.75 2899
1750858197551 0.90625 2949
1750858200945 0.78125 2999
1750858205067 0.6875 3049
1750858209381 0.6875 3099
1750858213425 0.84375 3149
1750858220118 0.84375 3199
1750858223729 0.71875 3249
1750858227193 0.875 3299
1750858230601 0.90625 3349
