1750858032749 0.0 49
1750858034515 0.0 99
1750858037232 7.006492321624085e-45 149
1750858039218 1.401298464324817e-45 199
1750858041690 3.0052300276381534e+38 249
1750858043721 2.3595609700823546e-22 299
1750858045640 -1.554438801421463e+37 349
1750858047621 -1.4410596470381902e+25 399
1750858050793 0.0 449
1750858054802 0.0 499
1750858057075 6.866362475191604e-44 549
1750858060185 3.3379128785472828e-21 599
1750858063201 2.1802711878986197e-22 649
1750858065386 2.802596928649634e-45 699
1750858067387 1.0802579291021766e-32 749
1750858069387 0.0 799
1750858071428 0.0 849
1750858073510 1.0 899
1750858075874 -1.5662422764553682e+37 949
1750858077915 0.0 999
1750858080032 1.401298464324817e-45 1049
1750858082201 1.4250564195486992e-20 1099
1750858084656 1.0 1149
1750858086855 0.3333333432674408 1199
1750858089102 1.0 1249
1750858091299 2.8673899527291705e-31 1299
1750858093557 0.5 1349
1750858096169 1.0 1399
1750858098569 1.0 1449
1750858101039 1.0 1499
1750858103436 0.75 1549
1750858106008 1.0 1599
1750858108500 0.75 1649
1750858111004 1.0 1699
1750858113624 1.0 1749
1750858116754 1.0 1799
1750858119853 1.0 1849
1750858122666 1.0 1899
1750858125359 0.5 1949
1750858128264 0.20000000298023224 1999
1750858132019 1.0 2049
1750858135804 1.0 2099
1750858139562 0.5 2149
1750858142975 0.6000000238418579 2199
1750858146463 0.5 2249
1750858149701 1.0 2299
1750858152661 1.0 2349
1750858155525 0.3333333432674408 2399
1750858158880 0.5 2449
1750858162419 1.0 2499
1750858166221 0.0 2549
1750858170454 1.0 2599
1750858174311 0.6666666865348816 2649
1750858177561 0.5 2699
1750858182562 0.6666666865348816 2749
1750858186475 0.800000011920929 2799
1750858189927 0.6666666865348816 2849
1750858193362 0.0 2899
1750858197551 1.0 2949
1750858200945 1.0 2999
1750858205067 0.5 3049
1750858209381 0.4000000059604645 3099
1750858213425 1.0 3149
1750858220118 1.0 3199
1750858223729 0.5 3249
1750858227193 0.800000011920929 3299
1750858230601 1.0 3349
