1750858032749 0.40000003576278687 49
1750858034515 0.5256410241127014 99
1750858037232 0.6811594367027283 149
1750858039218 0.6666666865348816 199
1750858041690 0.40229886770248413 249
1750858043721 0.6770833730697632 299
1750858045640 0.8125 349
1750858047621 0.6217948794364929 399
1750858050793 0.8275862336158752 449
1750858054802 0.8505747318267822 499
1750858057075 0.7318181991577148 549
1750858060185 0.7257142663002014 599
1750858063201 0.7851852178573608 649
1750858065386 0.41025641560554504 699
1750858067387 0.5 749
1750858069387 0.8857142925262451 799
1750858071428 0.7243589758872986 849
1750858073510 0.7359307408332825 899
1750858075874 0.9010416269302368 949
1750858077915 0.4958333373069763 999
1750858080032 0.7657142877578735 1049
1750858082201 0.7767857313156128 1099
1750858084656 0.8740741014480591 1149
1750858086855 0.7552083730697632 1199
1750858089102 0.9851851463317871 1249
1750858091299 0.9102563858032227 1299
1750858093557 0.7948718070983887 1349
1750858096169 0.8012820482254028 1399
1750858098569 0.9102564454078674 1449
1750858101039 0.977142870426178 1499
1750858103436 0.8571429252624512 1549
1750858106008 0.8482142686843872 1599
1750858108500 0.9407407641410828 1649
1750858111004 0.7428571581840515 1699
1750858113624 0.890625 1749
1750858116754 0.6354166269302368 1799
1750858119853 0.8457143306732178 1849
1750858122666 0.9114583134651184 1899
1750858125359 0.8518518209457397 1949
1750858128264 0.7564102411270142 1999
1750858132019 0.6979166865348816 2049
1750858135804 1.0 2099
1750858139562 0.9028571248054504 2149
1750858142975 0.8592592477798462 2199
1750858146463 0.9285714030265808 2249
1750858149701 0.9642857313156128 2299
1750858152661 0.875 2349
1750858155525 0.7142857313156128 2399
1750858158880 0.7333333492279053 2449
1750858162419 0.7916666269302368 2499
1750858166221 0.9310344457626343 2549
1750858170454 0.71875 2599
1750858174311 0.9166666865348816 2649
1750858177561 0.7542857527732849 2699
1750858182562 0.7179486751556396 2749
1750858186475 0.9038461446762085 2799
1750858189927 0.8357487916946411 2849
1750858193362 0.8171428442001343 2899
1750858197551 0.9294871687889099 2949
1750858200945 0.9590908885002136 2999
1750858205067 0.75 3049
1750858209381 0.8115941882133484 3099
1750858213425 0.765625 3149
1750858220118 0.7314286231994629 3199
1750858223729 0.7971014976501465 3249
1750858227193 0.954285740852356 3299
1750858230601 0.9485714435577393 3349
