1750858040676 0.042950913310050964 224
1750858051269 0.0 449
1750858064442 0.0 674
1750858073716 0.0018518519354984164 899
1750858083592 0.10050515085458755 1124
1750858093761 0.20592151582241058 1349
1750858104824 0.2866915464401245 1574
1750858117081 0.33117029070854187 1799
1750858130159 -inf 2024
1750858146770 0.3940776288509369 2249
1750858160742 0.4315509796142578 2474
1750858177795 0.4429796636104584 2699
1750858195419 0.4677196443080902 2924
1750858213827 0.4918688237667084 3149
1750858232563 0.4850190281867981 3374
