1750858040676 0.5776984095573425 224
1750858051269 0.6661151051521301 449
1750858064442 0.7262950539588928 674
1750858073716 0.7512696385383606 899
1750858083592 0.7685335278511047 1124
1750858093761 0.7825077772140503 1349
1750858104824 0.7900888919830322 1574
1750858117081 0.7940664887428284 1799
1750858130159 0.8025023937225342 2024
1750858146770 0.8147417306900024 2249
1750858160742 0.8186461329460144 2474
1750858177795 0.8222615122795105 2699
1750858195419 0.8320446610450745 2924
1750858213827 0.8361746668815613 3149
1750858232563 0.8367391228675842 3374
