1750858040676 0.7581944465637207 224
1750858051269 0.7962499856948853 449
1750858064442 0.7962499856948853 674
1750858073716 0.7962499856948853 899
1750858083592 0.8045833110809326 1124
1750858093761 0.8149999976158142 1349
1750858104824 0.8222222328186035 1574
1750858117081 0.8266666531562805 1799
1750858130159 0.8320833444595337 2024
1750858146770 0.8351389169692993 2249
1750858160742 0.8384722471237183 2474
1750858177795 0.8420833349227905 2699
1750858195419 0.8465277552604675 2924
1750858213827 0.847777783870697 3149
1750858232563 0.8488888740539551 3374
