1750858040676 0.07319752871990204 224
1750858051269 0.0 449
1750858064442 0.0 674
1750858073716 0.001038961112499237 899
1750858083592 0.06394965201616287 1124
1750858093761 0.13967935740947723 1349
1750858104824 0.20355123281478882 1574
1750858117081 0.24022215604782104 1799
1750858130159 -inf 2024
1750858146770 0.299491822719574 2249
1750858160742 0.33324524760246277 2474
1750858177795 0.3470643162727356 2699
1750858195419 0.37498965859413147 2924
1750858213827 0.3936612606048584 3149
1750858232563 5.867746524082995e+17 3374
