1750858032749 0.6590666770935059 49
1750858034515 0.6017405986785889 99
1750858037232 0.5920155048370361 149
1750858039218 0.6216682195663452 199
1750858041690 0.4073612093925476 249
1750858043721 0.5382222533226013 299
1750858045640 0.49111562967300415 349
1750858047621 0.4660014510154724 399
1750858050793 0.3316134512424469 449
1750858054802 0.30454814434051514 499
1750858057075 0.5741618871688843 549
1750858060185 0.4754340350627899 599
1750858063201 0.38794606924057007 649
1750858065386 0.5666486024856567 699
1750858067387 0.30910155177116394 749
1750858069387 0.39189088344573975 799
1750858071428 0.4506579637527466 849
1750858073510 0.5822293162345886 899
1750858075874 0.40685805678367615 949
1750858077915 0.7910267114639282 999
1750858080032 0.4402821958065033 1049
1750858082201 0.3401603400707245 1099
1750858084656 0.31768977642059326 1149
1750858086855 0.4891204833984375 1199
1750858089102 0.25069230794906616 1249
1750858091299 0.34019923210144043 1299
1750858093557 0.4100750982761383 1349
1750858096169 0.38503721356391907 1399
1750858098569 0.3144446611404419 1449
1750858101039 0.32320162653923035 1499
1750858103436 0.3679732084274292 1549
1750858106008 0.3048836290836334 1599
1750858108500 0.26780882477760315 1649
1750858111004 0.4622707962989807 1699
1750858113624 0.41338062286376953 1749
1750858116754 0.5830007791519165 1799
1750858119853 0.3517487645149231 1849
1750858122666 0.3610289692878723 1899
1750858125359 0.3225057125091553 1949
1750858128264 0.4415861964225769 1999
1750858132019 0.5443495512008667 2049
1750858135804 0.2645176351070404 2099
1750858139562 0.3631238341331482 2149
1750858142975 0.3073786199092865 2199
1750858146463 0.29655322432518005 2249
1750858149701 0.24691957235336304 2299
1750858152661 0.3958180546760559 2349
1750858155525 0.3663320541381836 2399
1750858158880 0.3992269039154053 2449
1750858162419 0.4671822488307953 2499
1750858166221 0.23153534531593323 2549
1750858170454 0.4837314188480377 2599
1750858174311 0.3104443848133087 2649
1750858177561 0.46291059255599976 2699
1750858182562 0.4257878065109253 2749
1750858186475 0.3077918291091919 2799
1750858189927 0.4513399004936218 2849
1750858193362 0.43670016527175903 2899
1750858197551 0.29632678627967834 2949
1750858200945 0.38742291927337646 2999
1750858205067 0.5522985458374023 3049
1750858209381 0.46734270453453064 3099
1750858213425 0.4724133014678955 3149
1750858220118 0.45220768451690674 3199
1750858223729 0.4966999888420105 3249
1750858227193 0.2770937383174896 3299
1750858230601 0.2681117653846741 3349
