1750858353319 0.0 49
1750858353622 0.0 56
1750858353641 0.0 56
1750858355179 1.0 99
1750858355798 1.0 113
1750858355821 1.0 113
1750858357202 2.0 149
1750858358043 2.0 170
1750858358068 2.0 170
1750858359107 3.0 199
1750858360199 3.0 227
1750858360212 3.0 227
1750858361096 4.0 249
1750858362529 4.0 284
1750858362544 4.0 284
1750858363129 5.0 299
1750858364855 5.0 341
1750858364870 5.0 341
1750858365187 6.0 349
1750858367460 6.0 398
1750858367473 6.0 398
1750858367516 7.0 399
1750858369510 7.0 449
1750858369828 7.0 455
1750858369847 7.0 455
1750858370432 8.0 456
