1750858414129 0.0 49
1750858414479 0.0 56
1750858414500 0.0 56
1750858416006 1.0 99
1750858416556 1.0 113
1750858416586 1.0 113
1750858417851 2.0 149
1750858418755 2.0 170
1750858418778 2.0 170
1750858419904 3.0 199
1750858420968 3.0 227
1750858420983 3.0 227
1750858421792 4.0 249
1750858423087 4.0 284
1750858423099 4.0 284
1750858423620 5.0 299
1750858425186 5.0 341
1750858425200 5.0 341
1750858425501 6.0 349
1750858427439 6.0 398
1750858427452 6.0 398
1750858427501 7.0 399
1750858429463 7.0 449
1750858429745 7.0 455
1750858429756 7.0 455
1750858430263 8.0 456
