1750858373073 0.0 49
1750858373484 0.0 56
1750858373503 0.0 56
1750858375280 1.0 99
1750858375930 1.0 113
1750858375964 1.0 113
1750858377334 2.0 149
1750858378163 2.0 170
1750858378187 2.0 170
1750858379273 3.0 199
1750858380380 3.0 227
1750858380405 3.0 227
1750858381259 4.0 249
1750858382609 4.0 284
1750858382635 4.0 284
1750858383202 5.0 299
1750858384898 5.0 341
1750858384913 5.0 341
1750858385215 6.0 349
1750858387119 6.0 398
1750858387134 6.0 398
1750858387181 7.0 399
1750858389256 7.0 449
1750858389556 7.0 455
1750858389571 7.0 455
1750858391343 8.0 499
1750858391922 8.0 512
1750858391943 8.0 512
1750858393444 9.0 549
1750858394283 9.0 569
1750858394306 9.0 569
1750858395505 10.0 599
1750858396665 10.0 626
1750858396680 10.0 626
1750858397597 11.0 649
1750858399069 11.0 683
1750858399098 11.0 683
1750858399775 12.0 699
1750858402028 12.0 740
1750858402040 12.0 740
1750858402642 13.0 749
1750858405685 13.0 797
1750858405701 13.0 797
1750858405840 14.0 799
1750858408314 14.0 849
1750858408637 14.0 854
1750858408659 14.0 854
1750858409610 15.0 855
