1750858373073 0.0 49
1750858375280 0.0 99
1750858377334 0.4583333432674408 149
1750858379273 0.4583333432674408 199
1750858381259 0.5483871102333069 249
1750858383202 0.3214285671710968 299
1750858385215 0.4516128897666931 349
1750858387181 0.523809552192688 399
1750858389256 0.5454545617103577 449
1750858391343 0.3888888955116272 499
1750858393444 0.3888888955116272 549
1750858395505 0.3478260934352875 599
1750858397597 0.4333333373069763 649
1750858399775 0.48571428656578064 699
1750858402642 0.48275861144065857 749
1750858405840 0.4615384638309479 799
1750858408314 0.3888888955116272 849
