1750858373503 0.005988304503262043 56
1750858375964 0.0 113
1750858378187 0.46956467628479004 170
1750858380405 0.5344631671905518 227
1750858382635 0.5536784529685974 284
1750858384913 0.5694956183433533 341
1750858387134 0.5768758058547974 398
1750858389571 0.580741286277771 455
1750858391943 0.575775682926178 512
1750858394306 0.5854265689849854 569
1750858396680 0.5927896499633789 626
1750858399098 0.5919854640960693 683
1750858402040 0.5874379873275757 740
1750858405701 0.6023203134536743 797
1750858408659 0.6002317070960999 854
