1750858373073 0.0 49
1750858375280 0.0 99
1750858377334 0.550000011920929 149
1750858379273 0.5945945978164673 199
1750858381259 0.6800000071525574 249
1750858383202 0.44999998807907104 299
1750858385215 0.6086956262588501 349
1750858387181 0.5945945978164673 399
1750858389256 0.6315789222717285 449
1750858391343 0.5 499
1750858393444 0.5185185074806213 549
1750858395505 0.5 599
1750858397597 0.5098039507865906 649
1750858399775 0.6415094137191772 699
1750858402642 0.6363636255264282 749
1750858405840 0.52173912525177 799
1750858408314 0.5384615659713745 849
