1750858373073 0.7319398522377014 49
1750858375280 0.7906551361083984 99
1750858377334 0.8766025304794312 149
1750858379273 0.8421474695205688 199
1750858381259 0.9018955230712891 249
1750858383202 0.8467856645584106 299
1750858385215 0.8127701878547668 349
1750858387181 0.9292389750480652 399
1750858389256 0.9133790731430054 449
1750858391343 0.8608585596084595 499
1750858393444 0.8590908646583557 549
1750858395505 0.8939958810806274 599
1750858397597 0.8136054277420044 649
1750858399775 0.8645161390304565 699
1750858402642 0.9132705926895142 749
1750858405840 0.8242835998535156 799
1750858408314 0.8267676830291748 849
