1750858373073 0.0 49
1750858375280 1.401298464324817e-45 99
1750858377334 0.6875 149
1750858379273 0.8461538553237915 199
1750858381259 0.8947368264198303 249
1750858383202 0.75 299
1750858385215 0.9333333373069763 349
1750858387181 0.6875 399
1750858389256 0.75 449
1750858391343 0.699999988079071 499
1750858393444 0.7777777910232544 549
1750858395505 0.8888888955116272 599
1750858397597 0.6190476417541504 649
1750858399775 0.9444444179534912 699
1750858402642 0.9333333373069763 749
1750858405840 0.6000000238418579 799
1750858408314 0.875 849
