1750858373503 0.7916666865348816 56
1750858375964 0.7962499856948853 113
1750858378187 0.8484722375869751 170
1750858380405 0.8554166555404663 227
1750858382635 0.8552777767181396 284
1750858384913 0.8608333468437195 341
1750858387134 0.8601388931274414 398
1750858389571 0.8609722256660461 455
1750858391943 0.8602777719497681 512
1750858394306 0.8630555272102356 569
1750858396680 0.8630555272102356 626
1750858399098 0.8623611330986023 683
1750858402040 0.8604166507720947 740
1750858405701 0.8655555844306946 797
1750858408659 0.8651388883590698 854
