1750858373503 0.009481482207775116 56
1750858375964 0.0 113
1750858378187 0.3439120054244995 170
1750858380405 0.4215536415576935 227
1750858382635 0.4544031023979187 284
1750858384913 0.47099703550338745 341
1750858387134 0.4811848998069763 398
1750858389571 0.4827776849269867 455
1750858391943 0.4785718023777008 512
1750858394306 0.48940548300743103 569
1750858396680 0.49884697794914246 626
1750858399098 0.5019719004631042 683
1750858402040 0.49949589371681213 740
1750858405701 0.5113160014152527 797
1750858408659 0.5091001987457275 854
