1750858373073 0.47036901116371155 49
1750858375280 0.46111470460891724 99
1750858377334 0.3421575725078583 149
1750858379273 0.35478928685188293 199
1750858381259 0.3490896224975586 249
1750858383202 0.3841207027435303 299
1750858385215 0.4183322787284851 349
1750858387181 0.2679733335971832 399
1750858389256 0.2931642532348633 449
1750858391343 0.28095608949661255 499
1750858393444 0.2758753299713135 549
1750858395505 0.3045821189880371 599
1750858397597 0.42054399847984314 649
1750858399775 0.3993403911590576 699
1750858402642 0.31498128175735474 749
1750858405840 0.391453355550766 799
1750858408314 0.28674742579460144 849
