1750858373503 0.7363744974136353 56
1750858375964 0.8274974822998047 113
1750858378187 0.8485517501831055 170
1750858380405 0.850370466709137 227
1750858382635 0.8576219081878662 284
1750858384913 0.8634749054908752 341
1750858387134 0.8635908961296082 398
1750858389571 0.8693360090255737 455
1750858391943 0.8685051202774048 512
1750858394306 0.8698990345001221 569
1750858396680 0.871688187122345 626
1750858399098 0.8746793866157532 683
1750858402040 0.8758610486984253 740
1750858405701 0.8784587383270264 797
1750858408659 0.8804218769073486 854
