1750858373503 0.45209282636642456 56
1750858375964 0.3973996937274933 113
1750858378187 0.3752431273460388 170
1750858380405 0.3668445944786072 227
1750858382635 0.360535204410553 284
1750858384913 0.35315462946891785 341
1750858387134 0.3501693308353424 398
1750858389571 0.34423014521598816 455
1750858391943 0.3420012295246124 512
1750858394306 0.33751916885375977 569
1750858396680 0.3360731601715088 626
1750858399098 0.33154061436653137 683
1750858402040 0.3334682583808899 740
1750858405701 0.32880184054374695 797
1750858408659 0.3269599378108978 854
