1750858373503 nan 56
1750858375964 nan 113
1750858378187 0.779231071472168 170
1750858380405 0.7613929510116577 227
1750858382635 0.7487223148345947 284
1750858384913 0.7593162059783936 341
1750858387134 0.7512147426605225 398
1750858389571 0.7580329179763794 455
1750858391943 0.7447556853294373 512
1750858394306 0.7514410018920898 569
1750858396680 0.7490076422691345 626
1750858399098 0.740281343460083 683
1750858402040 0.7340104579925537 740
1750858405701 0.754990816116333 797
1750858408659 0.7577764987945557 854
