1750857845624 0.0 49
1750857847375 0.0 99
1750857849269 0.0 149
1750857851196 0.0 199
1750857852305 0.0 224
1750857852334 0.0 224
1750857853260 1.0 249
1750857855225 1.0 299
1750857857256 1.0 349
1750857859930 1.0 399
1750857862371 1.0 449
1750857862557 1.0 449
1750857862589 1.0 449
1750857865310 2.0 499
1750857867233 2.0 549
1750857869788 2.0 599
1750857872355 2.0 649
1750857873577 2.0 674
1750857873605 2.0 674
1750857874580 3.0 699
1750857877489 3.0 749
1750857885091 3.0 799
1750857887671 3.0 849
1750857890343 3.0 899
1750857890575 3.0 899
1750857890590 3.0 899
1750857893184 4.0 949
1750857895710 4.0 999
1750857898580 4.0 1049
1750857901079 4.0 1099
1750857902436 4.0 1124
1750857902452 4.0 1124
1750857903788 5.0 1149
1750857906236 5.0 1199
1750857908855 5.0 1249
1750857911284 5.0 1299
1750857913665 5.0 1349
1750857913864 5.0 1349
1750857913882 5.0 1349
1750857916345 6.0 1399
1750857918753 6.0 1449
1750857921177 6.0 1499
1750857923764 6.0 1549
1750857925725 6.0 1574
1750857925755 6.0 1574
1750857927279 7.0 1599
1750857929979 7.0 1649
1750857932689 7.0 1699
1750857936116 7.0 1749
1750857939571 7.0 1799
1750857939867 7.0 1799
1750857939901 7.0 1799
1750857944257 8.0 1849
1750857947757 8.0 1899
1750857950617 8.0 1949
1750857953990 8.0 1999
1750857955661 8.0 2024
1750857955680 8.0 2024
1750857957119 9.0 2049
1750857960128 9.0 2099
1750857963224 9.0 2149
1750857966531 9.0 2199
1750857969389 9.0 2249
1750857969564 9.0 2249
1750857969577 9.0 2249
1750857972387 10.0 2299
1750857975338 10.0 2349
1750857978131 10.0 2399
1750857981308 10.0 2449
1750857983064 10.0 2474
1750857983082 10.0 2474
1750857984649 11.0 2499
1750857987809 11.0 2549
1750857990837 11.0 2599
1750857994048 11.0 2649
1750857997301 11.0 2699
1750857997671 11.0 2699
1750857997693 11.0 2699
1750858000154 12.0 2700
