1750857845624 0.5186963677406311 49
1750857847375 0.6148136854171753 99
1750857849269 0.4895617365837097 149
1750857851196 0.4816698431968689 199
1750857853260 0.4927714467048645 249
1750857855225 0.34792953729629517 299
1750857857256 0.3950522541999817 349
1750857859930 0.5636210441589355 399
1750857862371 0.27025067806243896 449
1750857865310 0.21328037977218628 499
1750857867233 0.4001087546348572 549
1750857869788 0.5029175877571106 599
1750857872355 0.6109958291053772 649
1750857874580 0.46667176485061646 699
1750857877489 0.518613338470459 749
1750857885091 0.3282134234905243 799
1750857887671 0.3158529996871948 849
1750857890343 0.3087150454521179 899
1750857893184 0.23836806416511536 949
1750857895710 0.46126240491867065 999
1750857898580 0.3040224313735962 1049
1750857901079 0.2858545184135437 1099
1750857903788 0.34592872858047485 1149
1750857906236 0.37626588344573975 1199
1750857908855 0.34566208720207214 1249
1750857911284 0.35540539026260376 1299
1750857913665 0.1699613630771637 1349
1750857916345 0.3792635500431061 1399
1750857918753 0.270229697227478 1449
1750857921177 0.4344724714756012 1499
1750857923764 0.5231990814208984 1549
1750857927279 0.42795830965042114 1599
1750857929979 0.5197439193725586 1649
1750857932689 0.2872883975505829 1699
1750857936116 0.22149287164211273 1749
1750857939571 0.251548707485199 1799
1750857944257 0.19024547934532166 1849
1750857947757 0.2840483486652374 1899
1750857950617 0.099683478474617 1949
1750857953990 0.3133745789527893 1999
1750857957119 0.4436904788017273 2049
1750857960128 0.2505091428756714 2099
1750857963224 0.2888498902320862 2149
1750857966531 0.37858182191848755 2199
1750857969389 0.28256332874298096 2249
1750857972387 0.3291359841823578 2299
1750857975338 0.23569327592849731 2349
1750857978131 0.2997467815876007 2399
1750857981308 0.24155405163764954 2449
1750857984649 0.3084692656993866 2499
1750857987809 0.2655826508998871 2549
1750857990837 0.49713218212127686 2599
1750857994048 0.39860379695892334 2649
1750857997301 0.2741665840148926 2699
