1750857845624 0.0 49
1750857847375 0.09090909361839294 99
1750857849269 0.375 149
1750857851196 0.1428571492433548 199
1750857853260 0.2857142984867096 249
1750857855225 0.4000000059604645 299
1750857857256 0.5 349
1750857859930 0.5 399
1750857862371 0.25 449
1750857865310 0.6666666865348816 499
1750857867233 0.625 549
1750857869788 0.2222222238779068 599
1750857872355 0.25 649
1750857874580 0.375 699
1750857877489 0.3333333432674408 749
1750857885091 0.20000000298023224 799
1750857887671 0.6666666865348816 849
1750857890343 0.6000000238418579 899
1750857893184 0.4000000059604645 949
1750857895710 0.5 999
1750857898580 0.0 1049
1750857901079 0.3333333432674408 1099
1750857903788 0.4285714328289032 1149
1750857906236 0.5 1199
1750857908855 0.0 1249
1750857911284 0.3333333432674408 1299
1750857913665 0.875 1349
1750857916345 0.1428571492433548 1399
1750857918753 0.4000000059604645 1449
1750857921177 0.20000000298023224 1499
1750857923764 0.5 1549
1750857927279 0.5 1599
1750857929979 0.4545454680919647 1649
1750857932689 0.5714285969734192 1699
1750857936116 0.5 1749
1750857939571 0.6666666865348816 1799
1750857944257 1.0 1849
1750857947757 0.800000011920929 1899
1750857950617 1.0 1949
1750857953990 0.2857142984867096 1999
1750857957119 0.2857142984867096 2049
1750857960128 0.5 2099
1750857963224 0.4000000059604645 2149
1750857966531 0.25 2199
1750857969389 0.7272727489471436 2249
1750857972387 0.25 2299
1750857975338 0.800000011920929 2349
1750857978131 0.0 2399
1750857981308 0.7142857313156128 2449
1750857984649 0.5714285969734192 2499
1750857987809 0.75 2549
1750857990837 0.3333333432674408 2599
1750857994048 0.3333333432674408 2649
1750857997301 0.5 2699
