1750857845624 0.75 49
1750857847375 0.6875 99
1750857849269 0.84375 149
1750857851196 0.8125 199
1750857853260 0.75 249
1750857855225 0.84375 299
1750857857256 0.84375 349
1750857859930 0.78125 399
1750857862371 0.90625 449
1750857865310 0.96875 499
1750857867233 0.84375 549
1750857869788 0.6875 599
1750857872355 0.75 649
1750857874580 0.78125 699
1750857877489 0.78125 749
1750857885091 0.875 799
1750857887671 0.90625 849
1750857890343 0.84375 899
1750857893184 0.90625 949
1750857895710 0.875 999
1750857898580 0.875 1049
1750857901079 0.875 1099
1750857903788 0.84375 1149
1750857906236 0.875 1199
1750857908855 0.8125 1249
1750857911284 0.8125 1299
1750857913665 0.9375 1349
1750857916345 0.8125 1399
1750857918753 0.875 1449
1750857921177 0.84375 1499
1750857923764 0.78125 1549
1750857927279 0.84375 1599
1750857929979 0.71875 1649
1750857932689 0.90625 1699
1750857936116 0.875 1749
1750857939571 0.875 1799
1750857944257 1.0 1849
1750857947757 0.90625 1899
1750857950617 0.96875 1949
1750857953990 0.84375 1999
1750857957119 0.84375 2049
1750857960128 0.90625 2099
1750857963224 0.84375 2149
1750857966531 0.875 2199
1750857969389 0.875 2249
1750857972387 0.8125 2299
1750857975338 0.96875 2349
1750857978131 0.84375 2399
1750857981308 0.9375 2449
1750857984649 0.90625 2499
1750857987809 0.875 2549
1750857990837 0.8125 2599
1750857994048 0.8125 2649
1750857997301 0.9375 2699
