1750857845624 0.7291666269302368 49
1750857847375 0.7445887327194214 99
1750857849269 0.7552083730697632 149
1750857851196 0.7028571367263794 199
1750857853260 0.6971428990364075 249
1750857855225 0.8370370268821716 299
1750857857256 0.7756410241127014 349
1750857859930 0.841269850730896 399
1750857862371 0.875 449
1750857865310 0.9425287246704102 499
1750857867233 0.84375 549
1750857869788 0.7681159377098083 599
1750857872355 0.6354166269302368 649
1750857874580 0.765625 699
1750857877489 0.8019323348999023 749
1750857885091 0.8148148059844971 799
1750857887671 0.9178743958473206 849
1750857890343 0.8814815282821655 899
1750857893184 0.9555555582046509 949
1750857895710 0.7239583134651184 999
1750857898580 0.7241379618644714 1049
1750857901079 0.8620690107345581 1099
1750857903788 0.868571400642395 1149
1750857906236 0.84375 1199
1750857908855 0.8296296000480652 1249
1750857911284 0.865384578704834 1299
1750857913665 0.9947916865348816 1349
1750857916345 0.8742856979370117 1399
1750857918753 0.9555555582046509 1449
1750857921177 0.7111110687255859 1499
1750857923764 0.7863636016845703 1549
1750857927279 0.9000000357627869 1599
1750857929979 0.7922078371047974 1649
1750857932689 0.9085714817047119 1699
1750857936116 0.9743590354919434 1749
1750857939571 0.9551281929016113 1799
1750857944257 1.0 1849
1750857947757 0.9272726774215698 1899
1750857950617 1.0 1949
1750857953990 0.954285740852356 1999
1750857957119 0.7599999904632568 2049
1750857960128 0.8928571939468384 2099
1750857963224 0.940740704536438 2149
1750857966531 0.6875 2199
1750857969389 0.9610389471054077 2249
1750857972387 0.9427083134651184 2299
1750857975338 0.9037036895751953 2349
1750857978131 0.8303571939468384 2399
1750857981308 0.9371428489685059 2449
1750857984649 0.9028571844100952 2499
1750857987809 0.9531250596046448 2549
1750857990837 0.7342995405197144 2599
1750857994048 0.8647342920303345 2649
1750857997301 0.7946428656578064 2699
