1750857845624 6.866362475191604e-44 49
1750857847375 1.0 99
1750857849269 1.0 149
1750857851196 1.0 199
1750857853260 0.4000000059604645 249
1750857855225 0.5 299
1750857857256 0.6000000238418579 349
1750857859930 1.0 399
1750857862371 1.0 449
1750857865310 1.0 499
1750857867233 0.7142857313156128 549
1750857869788 0.4000000059604645 599
1750857872355 0.5 649
1750857874580 0.6000000238418579 699
1750857877489 0.75 749
1750857885091 1.0 799
1750857887671 1.0 849
1750857890343 0.5 899
1750857893184 1.0 949
1750857895710 1.0 999
1750857898580 0.0 1049
1750857901079 0.3333333432674408 1099
1750857903788 0.75 1149
1750857906236 1.0 1199
1750857908855 0.0 1249
1750857911284 0.5 1299
1750857913665 0.875 1349
1750857916345 1.0 1399
1750857918753 0.6666666865348816 1449
1750857921177 0.5 1499
1750857923764 0.7142857313156128 1549
1750857927279 1.0 1599
1750857929979 0.625 1649
1750857932689 1.0 1699
1750857936116 0.75 1749
1750857939571 0.6666666865348816 1799
1750857944257 1.0 1849
1750857947757 0.8888888955116272 1899
1750857950617 0.8571428656578064 1949
1750857953990 1.0 1999
1750857957119 1.0 2049
1750857960128 0.6666666865348816 2099
1750857963224 0.5 2149
1750857966531 0.5 2199
1750857969389 0.8888888955116272 2249
1750857972387 1.0 2299
1750857975338 1.0 2349
1750857978131 0.0 2399
1750857981308 1.0 2449
1750857984649 1.0 2499
1750857987809 0.75 2549
1750857990837 1.0 2599
1750857994048 1.0 2649
1750857997301 1.0 2699
